0.000000000000000000e+00
5.011934321373701096e-03
1.964062824845314026e-02
4.328499361872673035e-02
7.535632699728012085e-02
1.152783855795860291e-01
1.624877899885177612e-01
2.164333611726760864e-01
2.765763401985168457e-01
3.423910140991210938e-01
4.133637845516204834e-01
4.889933764934539795e-01
5.687918066978454590e-01
6.522828936576843262e-01
7.390029430389404297e-01
8.285018205642700195e-01
9.203404784202575684e-01
1.014093160629272461e+00
1.109346985816955566e+00
1.205700397491455078e+00
1.302766203880310059e+00
1.400167942047119141e+00
1.497542262077331543e+00
1.594539284706115723e+00
1.690819978713989258e+00
1.786059021949768066e+00
1.879943132400512695e+00
1.972172021865844727e+00
2.062457799911499023e+00
2.150524616241455078e+00
2.236109256744384766e+00
2.318961620330810547e+00
2.398843526840209961e+00
2.475529193878173828e+00
2.548806428909301758e+00
2.618474483489990234e+00
2.684345722198486328e+00
2.746244192123413086e+00
2.804007291793823242e+00
2.857485532760620117e+00
2.906540155410766602e+00
2.951046228408813477e+00
2.990891218185424805e+00
3.025974273681640625e+00
3.056209325790405273e+00
3.081518888473510742e+00
3.101842641830444336e+00
3.117128610610961914e+00
3.127340316772460938e+00
3.132452249526977539e+00
3.132452249526977539e+00
3.127340316772460938e+00
3.117128610610961914e+00
3.101842641830444336e+00
3.081518888473510742e+00
3.056209325790405273e+00
3.025974273681640625e+00
2.990891218185424805e+00
2.951046228408813477e+00
2.906540155410766602e+00
2.857485532760620117e+00
2.804007291793823242e+00
2.746244192123413086e+00
2.684345722198486328e+00
2.618474483489990234e+00
2.548806428909301758e+00
2.475529193878173828e+00
2.398843526840209961e+00
2.318961620330810547e+00
2.236109256744384766e+00
2.150524616241455078e+00
2.062457799911499023e+00
1.972172021865844727e+00
1.879943132400512695e+00
1.786059021949768066e+00
1.690819978713989258e+00
1.594539284706115723e+00
1.497542262077331543e+00
1.400167942047119141e+00
1.302766203880310059e+00
1.205700397491455078e+00
1.109346985816955566e+00
1.014093160629272461e+00
9.203404784202575684e-01
8.285018205642700195e-01
7.390029430389404297e-01
6.522828936576843262e-01
5.687918066978454590e-01
4.889933764934539795e-01
4.133637845516204834e-01
3.423910140991210938e-01
2.765763401985168457e-01
2.164333611726760864e-01
1.624877899885177612e-01
1.152783855795860291e-01
7.535632699728012085e-02
4.328499361872673035e-02
1.964062824845314026e-02
5.011934321373701096e-03
0.000000000000000000e+00
0.000000000000000000e+00
5.011934321373701096e-03
1.964062824845314026e-02
4.328499361872673035e-02
7.535632699728012085e-02
1.152783855795860291e-01
1.624877899885177612e-01
2.164333611726760864e-01
2.765763401985168457e-01
3.423910140991210938e-01
4.133637845516204834e-01
4.889933764934539795e-01
5.687918066978454590e-01
6.522828936576843262e-01
7.390029430389404297e-01
8.285018205642700195e-01
9.203404784202575684e-01
1.014093160629272461e+00
1.109346985816955566e+00
1.205700397491455078e+00
1.302766203880310059e+00
1.400167942047119141e+00
1.497542262077331543e+00
1.594539284706115723e+00
1.690819978713989258e+00
1.786059021949768066e+00
1.879943132400512695e+00
1.972172021865844727e+00
2.062457799911499023e+00
2.150524616241455078e+00
2.236109256744384766e+00
2.318961620330810547e+00
2.398843526840209961e+00
2.475529193878173828e+00
2.548806428909301758e+00
2.618474483489990234e+00
2.684345722198486328e+00
2.746244192123413086e+00
2.804007291793823242e+00
2.857485532760620117e+00
2.906540155410766602e+00
2.951046228408813477e+00
2.990891218185424805e+00
3.025974273681640625e+00
3.056209325790405273e+00
3.081518888473510742e+00
3.101842641830444336e+00
3.117128610610961914e+00
3.127340316772460938e+00
3.132452249526977539e+00
3.132452249526977539e+00
3.127340316772460938e+00
3.117128610610961914e+00
3.101842641830444336e+00
3.081518888473510742e+00
3.056209325790405273e+00
3.025974273681640625e+00
2.990891218185424805e+00
2.951046228408813477e+00
2.906540155410766602e+00
2.857485532760620117e+00
2.804007291793823242e+00
2.746244192123413086e+00
2.684345722198486328e+00
2.618474483489990234e+00
2.548806428909301758e+00
2.475529193878173828e+00
2.398843526840209961e+00
2.318961620330810547e+00
2.236109256744384766e+00
2.150524616241455078e+00
2.062457799911499023e+00
1.972172021865844727e+00
1.879943132400512695e+00
1.786059021949768066e+00
1.690819978713989258e+00
1.594539284706115723e+00
1.497542262077331543e+00
1.400167942047119141e+00
1.302766203880310059e+00
1.205700397491455078e+00
1.109346985816955566e+00
1.014093160629272461e+00
9.203404784202575684e-01
8.285018205642700195e-01
7.390029430389404297e-01
6.522828936576843262e-01
5.687918066978454590e-01
4.889933764934539795e-01
4.133637845516204834e-01
3.423910140991210938e-01
2.765763401985168457e-01
2.164333611726760864e-01
1.624877899885177612e-01
1.152783855795860291e-01
7.535632699728012085e-02
4.328499361872673035e-02
1.964062824845314026e-02
5.011934321373701096e-03
0.000000000000000000e+00
0.000000000000000000e+00
5.011934321373701096e-03
1.964062824845314026e-02
4.328499361872673035e-02
7.535632699728012085e-02
1.152783855795860291e-01
1.624877899885177612e-01
2.164333611726760864e-01
2.765763401985168457e-01
3.423910140991210938e-01
4.133637845516204834e-01
4.889933764934539795e-01
5.687918066978454590e-01
6.522828936576843262e-01
7.390029430389404297e-01
8.285018205642700195e-01
9.203404784202575684e-01
1.014093160629272461e+00
1.109346985816955566e+00
1.205700397491455078e+00
1.302766203880310059e+00
1.400167942047119141e+00
1.497542262077331543e+00
1.594539284706115723e+00
1.690819978713989258e+00
1.786059021949768066e+00
1.879943132400512695e+00
1.972172021865844727e+00
2.062457799911499023e+00
2.150524616241455078e+00
2.236109256744384766e+00
2.318961620330810547e+00
2.398843526840209961e+00
2.475529193878173828e+00
2.548806428909301758e+00
2.618474483489990234e+00
2.684345722198486328e+00
2.746244192123413086e+00
2.804007291793823242e+00
2.857485532760620117e+00
2.906540155410766602e+00
2.951046228408813477e+00
2.990891218185424805e+00
3.025974273681640625e+00
3.056209325790405273e+00
3.081518888473510742e+00
3.101842641830444336e+00
3.117128610610961914e+00
3.127340316772460938e+00
3.132452249526977539e+00
3.132452249526977539e+00
3.127340316772460938e+00
3.117128610610961914e+00
3.101842641830444336e+00
3.081518888473510742e+00
3.056209325790405273e+00
3.025974273681640625e+00
2.990891218185424805e+00
2.951046228408813477e+00
2.906540155410766602e+00
2.857485532760620117e+00
2.804007291793823242e+00
2.746244192123413086e+00
2.684345722198486328e+00
2.618474483489990234e+00
2.548806428909301758e+00
2.475529193878173828e+00
2.398843526840209961e+00
2.318961620330810547e+00
2.236109256744384766e+00
2.150524616241455078e+00
2.062457799911499023e+00
1.972172021865844727e+00
1.879943132400512695e+00
1.786059021949768066e+00
1.690819978713989258e+00
1.594539284706115723e+00
1.497542262077331543e+00
1.400167942047119141e+00
1.302766203880310059e+00
1.205700397491455078e+00
1.109346985816955566e+00
1.014093160629272461e+00
9.203404784202575684e-01
8.285018205642700195e-01
7.390029430389404297e-01
6.522828936576843262e-01
5.687918066978454590e-01
4.889933764934539795e-01
4.133637845516204834e-01
3.423910140991210938e-01
2.765763401985168457e-01
2.164333611726760864e-01
1.624877899885177612e-01
1.152783855795860291e-01
7.535632699728012085e-02
4.328499361872673035e-02
1.964062824845314026e-02
5.011934321373701096e-03
0.000000000000000000e+00
0.000000000000000000e+00
5.011934321373701096e-03
1.964062824845314026e-02
4.328499361872673035e-02
7.535632699728012085e-02
1.152783855795860291e-01
1.624877899885177612e-01
2.164333611726760864e-01
2.765763401985168457e-01
3.423910140991210938e-01
4.133637845516204834e-01
4.889933764934539795e-01
5.687918066978454590e-01
6.522828936576843262e-01
7.390029430389404297e-01
8.285018205642700195e-01
9.203404784202575684e-01
1.014093160629272461e+00
1.109346985816955566e+00
1.205700397491455078e+00
1.302766203880310059e+00
1.400167942047119141e+00
1.497542262077331543e+00
1.594539284706115723e+00
1.690819978713989258e+00
1.786059021949768066e+00
1.879943132400512695e+00
1.972172021865844727e+00
2.062457799911499023e+00
2.150524616241455078e+00
2.236109256744384766e+00
2.318961620330810547e+00
2.398843526840209961e+00
2.475529193878173828e+00
2.548806428909301758e+00
2.618474483489990234e+00
2.684345722198486328e+00
2.746244192123413086e+00
2.804007291793823242e+00
2.857485532760620117e+00
2.906540155410766602e+00
2.951046228408813477e+00
2.990891218185424805e+00
3.025974273681640625e+00
3.056209325790405273e+00
3.081518888473510742e+00
3.101842641830444336e+00
3.117128610610961914e+00
3.127340316772460938e+00
3.132452249526977539e+00
3.132452249526977539e+00
3.127340316772460938e+00
3.117128610610961914e+00
3.101842641830444336e+00
3.081518888473510742e+00
3.056209325790405273e+00
3.025974273681640625e+00
2.990891218185424805e+00
2.951046228408813477e+00
2.906540155410766602e+00
2.857485532760620117e+00
2.804007291793823242e+00
2.746244192123413086e+00
2.684345722198486328e+00
2.618474483489990234e+00
2.548806428909301758e+00
2.475529193878173828e+00
2.398843526840209961e+00
2.318961620330810547e+00
2.236109256744384766e+00
2.150524616241455078e+00
2.062457799911499023e+00
1.972172021865844727e+00
1.879943132400512695e+00
1.786059021949768066e+00
1.690819978713989258e+00
1.594539284706115723e+00
1.497542262077331543e+00
1.400167942047119141e+00
1.302766203880310059e+00
1.205700397491455078e+00
1.109346985816955566e+00
1.014093160629272461e+00
9.203404784202575684e-01
8.285018205642700195e-01
7.390029430389404297e-01
6.522828936576843262e-01
5.687918066978454590e-01
4.889933764934539795e-01
4.133637845516204834e-01
3.423910140991210938e-01
2.765763401985168457e-01
2.164333611726760864e-01
1.624877899885177612e-01
1.152783855795860291e-01
7.535632699728012085e-02
4.328499361872673035e-02
1.964062824845314026e-02
5.011934321373701096e-03
0.000000000000000000e+00
0.000000000000000000e+00
5.011934321373701096e-03
1.964062824845314026e-02
4.328499361872673035e-02
7.535632699728012085e-02
1.152783855795860291e-01
1.624877899885177612e-01
2.164333611726760864e-01
2.765763401985168457e-01
3.423910140991210938e-01
4.133637845516204834e-01
4.889933764934539795e-01
5.687918066978454590e-01
6.522828936576843262e-01
7.390029430389404297e-01
8.285018205642700195e-01
9.203404784202575684e-01
1.014093160629272461e+00
1.109346985816955566e+00
1.205700397491455078e+00
1.302766203880310059e+00
1.400167942047119141e+00
1.497542262077331543e+00
1.594539284706115723e+00
1.690819978713989258e+00
1.786059021949768066e+00
1.879943132400512695e+00
1.972172021865844727e+00
2.062457799911499023e+00
2.150524616241455078e+00
2.236109256744384766e+00
2.318961620330810547e+00
2.398843526840209961e+00
2.475529193878173828e+00
2.548806428909301758e+00
2.618474483489990234e+00
2.684345722198486328e+00
2.746244192123413086e+00
2.804007291793823242e+00
2.857485532760620117e+00
2.906540155410766602e+00
2.951046228408813477e+00
2.990891218185424805e+00
3.025974273681640625e+00
3.056209325790405273e+00
3.081518888473510742e+00
3.101842641830444336e+00
3.117128610610961914e+00
3.127340316772460938e+00
3.132452249526977539e+00
3.132452249526977539e+00
3.127340316772460938e+00
3.117128610610961914e+00
3.101842641830444336e+00
3.081518888473510742e+00
3.056209325790405273e+00
3.025974273681640625e+00
2.990891218185424805e+00
2.951046228408813477e+00
2.906540155410766602e+00
2.857485532760620117e+00
2.804007291793823242e+00
2.746244192123413086e+00
2.684345722198486328e+00
2.618474483489990234e+00
2.548806428909301758e+00
2.475529193878173828e+00
2.398843526840209961e+00
2.318961620330810547e+00
2.236109256744384766e+00
2.150524616241455078e+00
2.062457799911499023e+00
1.972172021865844727e+00
1.879943132400512695e+00
1.786059021949768066e+00
1.690819978713989258e+00
1.594539284706115723e+00
1.497542262077331543e+00
1.400167942047119141e+00
1.302766203880310059e+00
1.205700397491455078e+00
1.109346985816955566e+00
1.014093160629272461e+00
9.203404784202575684e-01
8.285018205642700195e-01
7.390029430389404297e-01
6.522828936576843262e-01
5.687918066978454590e-01
4.889933764934539795e-01
4.133637845516204834e-01
3.423910140991210938e-01
2.765763401985168457e-01
2.164333611726760864e-01
1.624877899885177612e-01
1.152783855795860291e-01
7.535632699728012085e-02
4.328499361872673035e-02
1.964062824845314026e-02
5.011934321373701096e-03
0.000000000000000000e+00
0.000000000000000000e+00
5.011934321373701096e-03
1.964062824845314026e-02
4.328499361872673035e-02
7.535632699728012085e-02
1.152783855795860291e-01
1.624877899885177612e-01
2.164333611726760864e-01
2.765763401985168457e-01
3.423910140991210938e-01
4.133637845516204834e-01
4.889933764934539795e-01
5.687918066978454590e-01
6.522828936576843262e-01
7.390029430389404297e-01
8.285018205642700195e-01
9.203404784202575684e-01
1.014093160629272461e+00
1.109346985816955566e+00
1.205700397491455078e+00
1.302766203880310059e+00
1.400167942047119141e+00
1.497542262077331543e+00
1.594539284706115723e+00
1.690819978713989258e+00
1.786059021949768066e+00
1.879943132400512695e+00
1.972172021865844727e+00
2.062457799911499023e+00
2.150524616241455078e+00
2.236109256744384766e+00
2.318961620330810547e+00
2.398843526840209961e+00
2.475529193878173828e+00
2.548806428909301758e+00
2.618474483489990234e+00
2.684345722198486328e+00
2.746244192123413086e+00
2.804007291793823242e+00
2.857485532760620117e+00
2.906540155410766602e+00
2.951046228408813477e+00
2.990891218185424805e+00
3.025974273681640625e+00
3.056209325790405273e+00
3.081518888473510742e+00
3.101842641830444336e+00
3.117128610610961914e+00
3.127340316772460938e+00
3.132452249526977539e+00
3.132452249526977539e+00
3.127340316772460938e+00
3.117128610610961914e+00
3.101842641830444336e+00
3.081518888473510742e+00
3.056209325790405273e+00
3.025974273681640625e+00
2.990891218185424805e+00
2.951046228408813477e+00
2.906540155410766602e+00
2.857485532760620117e+00
2.804007291793823242e+00
2.746244192123413086e+00
2.684345722198486328e+00
2.618474483489990234e+00
2.548806428909301758e+00
2.475529193878173828e+00
2.398843526840209961e+00
2.318961620330810547e+00
2.236109256744384766e+00
2.150524616241455078e+00
2.062457799911499023e+00
1.972172021865844727e+00
1.879943132400512695e+00
1.786059021949768066e+00
1.690819978713989258e+00
1.594539284706115723e+00
1.497542262077331543e+00
1.400167942047119141e+00
1.302766203880310059e+00
1.205700397491455078e+00
1.109346985816955566e+00
1.014093160629272461e+00
9.203404784202575684e-01
8.285018205642700195e-01
7.390029430389404297e-01
6.522828936576843262e-01
5.687918066978454590e-01
4.889933764934539795e-01
4.133637845516204834e-01
3.423910140991210938e-01
2.765763401985168457e-01
2.164333611726760864e-01
1.624877899885177612e-01
1.152783855795860291e-01
7.535632699728012085e-02
4.328499361872673035e-02
1.964062824845314026e-02
5.011934321373701096e-03
0.000000000000000000e+00
