0.000000000000000000e+00
5.470875650644302368e-03
2.143911458551883698e-02
4.724859073758125305e-02
8.225669711828231812e-02
1.258344054222106934e-01
1.773667633533477783e-01
2.362521141767501831e-01
3.019023835659027100e-01
3.737436830997467041e-01
4.512154757976531982e-01
5.337703824043273926e-01
6.208759546279907227e-01
7.120122909545898438e-01
8.066733479499816895e-01
9.043675661087036133e-01
1.004615783691406250e+00
1.106953501701354980e+00
1.210929751396179199e+00
1.316106200218200684e+00
1.422060370445251465e+00
1.528380990028381348e+00
1.634671807289123535e+00
1.740550875663757324e+00
1.845647811889648438e+00
1.949607849121093750e+00
2.052089214324951172e+00
2.152763128280639648e+00
2.251316547393798828e+00
2.347447633743286133e+00
2.440869331359863281e+00
2.531308412551879883e+00
2.618505001068115234e+00
2.702212810516357422e+00
2.782199859619140625e+00
2.858247518539428711e+00
2.930150747299194336e+00
2.997717142105102539e+00
3.060769557952880859e+00
3.119144678115844727e+00
3.172691106796264648e+00
3.221273183822631836e+00
3.264766693115234375e+00
3.303062200546264648e+00
3.336065769195556641e+00
3.363692998886108398e+00
3.385877609252929688e+00
3.402563571929931641e+00
3.413710117340087891e+00
3.419290304183959961e+00
3.419290304183959961e+00
3.413710117340087891e+00
3.402563571929931641e+00
3.385877609252929688e+00
3.363692998886108398e+00
3.336065769195556641e+00
3.303062200546264648e+00
3.264766693115234375e+00
3.221273183822631836e+00
3.172691106796264648e+00
3.119144678115844727e+00
3.060769557952880859e+00
2.997717142105102539e+00
2.930150747299194336e+00
2.858247518539428711e+00
2.782199859619140625e+00
2.702212810516357422e+00
2.618505001068115234e+00
2.531308412551879883e+00
2.440869331359863281e+00
2.347447633743286133e+00
2.251316547393798828e+00
2.152763128280639648e+00
2.052089214324951172e+00
1.949607849121093750e+00
1.845647811889648438e+00
1.740550875663757324e+00
1.634671807289123535e+00
1.528380990028381348e+00
1.422060370445251465e+00
1.316106200218200684e+00
1.210929751396179199e+00
1.106953501701354980e+00
1.004615783691406250e+00
9.043675661087036133e-01
8.066733479499816895e-01
7.120122909545898438e-01
6.208759546279907227e-01
5.337703824043273926e-01
4.512154757976531982e-01
3.737436830997467041e-01
3.019023835659027100e-01
2.362521141767501831e-01
1.773667633533477783e-01
1.258344054222106934e-01
8.225669711828231812e-02
4.724859073758125305e-02
2.143911458551883698e-02
5.470875650644302368e-03
0.000000000000000000e+00
0.000000000000000000e+00
5.470875650644302368e-03
2.143911458551883698e-02
4.724859073758125305e-02
8.225669711828231812e-02
1.258344054222106934e-01
1.773667633533477783e-01
2.362521141767501831e-01
3.019023835659027100e-01
3.737436830997467041e-01
4.512154757976531982e-01
5.337703824043273926e-01
6.208759546279907227e-01
7.120122909545898438e-01
8.066733479499816895e-01
9.043675661087036133e-01
1.004615783691406250e+00
1.106953501701354980e+00
1.210929751396179199e+00
1.316106200218200684e+00
1.422060370445251465e+00
1.528380990028381348e+00
1.634671807289123535e+00
1.740550875663757324e+00
1.845647811889648438e+00
1.949607849121093750e+00
2.052089214324951172e+00
2.152763128280639648e+00
2.251316547393798828e+00
2.347447633743286133e+00
2.440869331359863281e+00
2.531308412551879883e+00
2.618505001068115234e+00
2.702212810516357422e+00
2.782199859619140625e+00
2.858247518539428711e+00
2.930150747299194336e+00
2.997717142105102539e+00
3.060769557952880859e+00
3.119144678115844727e+00
3.172691106796264648e+00
3.221273183822631836e+00
3.264766693115234375e+00
3.303062200546264648e+00
3.336065769195556641e+00
3.363692998886108398e+00
3.385877609252929688e+00
3.402563571929931641e+00
3.413710117340087891e+00
3.419290304183959961e+00
3.419290304183959961e+00
3.413710117340087891e+00
3.402563571929931641e+00
3.385877609252929688e+00
3.363692998886108398e+00
3.336065769195556641e+00
3.303062200546264648e+00
3.264766693115234375e+00
3.221273183822631836e+00
3.172691106796264648e+00
3.119144678115844727e+00
3.060769557952880859e+00
2.997717142105102539e+00
2.930150747299194336e+00
2.858247518539428711e+00
2.782199859619140625e+00
2.702212810516357422e+00
2.618505001068115234e+00
2.531308412551879883e+00
2.440869331359863281e+00
2.347447633743286133e+00
2.251316547393798828e+00
2.152763128280639648e+00
2.052089214324951172e+00
1.949607849121093750e+00
1.845647811889648438e+00
1.740550875663757324e+00
1.634671807289123535e+00
1.528380990028381348e+00
1.422060370445251465e+00
1.316106200218200684e+00
1.210929751396179199e+00
1.106953501701354980e+00
1.004615783691406250e+00
9.043675661087036133e-01
8.066733479499816895e-01
7.120122909545898438e-01
6.208759546279907227e-01
5.337703824043273926e-01
4.512154757976531982e-01
3.737436830997467041e-01
3.019023835659027100e-01
2.362521141767501831e-01
1.773667633533477783e-01
1.258344054222106934e-01
8.225669711828231812e-02
4.724859073758125305e-02
2.143911458551883698e-02
5.470875650644302368e-03
0.000000000000000000e+00
0.000000000000000000e+00
5.470875650644302368e-03
2.143911458551883698e-02
4.724859073758125305e-02
8.225669711828231812e-02
1.258344054222106934e-01
1.773667633533477783e-01
2.362521141767501831e-01
3.019023835659027100e-01
3.737436830997467041e-01
4.512154757976531982e-01
5.337703824043273926e-01
6.208759546279907227e-01
7.120122909545898438e-01
8.066733479499816895e-01
9.043675661087036133e-01
1.004615783691406250e+00
1.106953501701354980e+00
1.210929751396179199e+00
1.316106200218200684e+00
1.422060370445251465e+00
1.528380990028381348e+00
1.634671807289123535e+00
1.740550875663757324e+00
1.845647811889648438e+00
1.949607849121093750e+00
2.052089214324951172e+00
2.152763128280639648e+00
2.251316547393798828e+00
2.347447633743286133e+00
2.440869331359863281e+00
2.531308412551879883e+00
2.618505001068115234e+00
2.702212810516357422e+00
2.782199859619140625e+00
2.858247518539428711e+00
2.930150747299194336e+00
2.997717142105102539e+00
3.060769557952880859e+00
3.119144678115844727e+00
3.172691106796264648e+00
3.221273183822631836e+00
3.264766693115234375e+00
3.303062200546264648e+00
3.336065769195556641e+00
3.363692998886108398e+00
3.385877609252929688e+00
3.402563571929931641e+00
3.413710117340087891e+00
3.419290304183959961e+00
3.419290304183959961e+00
3.413710117340087891e+00
3.402563571929931641e+00
3.385877609252929688e+00
3.363692998886108398e+00
3.336065769195556641e+00
3.303062200546264648e+00
3.264766693115234375e+00
3.221273183822631836e+00
3.172691106796264648e+00
3.119144678115844727e+00
3.060769557952880859e+00
2.997717142105102539e+00
2.930150747299194336e+00
2.858247518539428711e+00
2.782199859619140625e+00
2.702212810516357422e+00
2.618505001068115234e+00
2.531308412551879883e+00
2.440869331359863281e+00
2.347447633743286133e+00
2.251316547393798828e+00
2.152763128280639648e+00
2.052089214324951172e+00
1.949607849121093750e+00
1.845647811889648438e+00
1.740550875663757324e+00
1.634671807289123535e+00
1.528380990028381348e+00
1.422060370445251465e+00
1.316106200218200684e+00
1.210929751396179199e+00
1.106953501701354980e+00
1.004615783691406250e+00
9.043675661087036133e-01
8.066733479499816895e-01
7.120122909545898438e-01
6.208759546279907227e-01
5.337703824043273926e-01
4.512154757976531982e-01
3.737436830997467041e-01
3.019023835659027100e-01
2.362521141767501831e-01
1.773667633533477783e-01
1.258344054222106934e-01
8.225669711828231812e-02
4.724859073758125305e-02
2.143911458551883698e-02
5.470875650644302368e-03
0.000000000000000000e+00
0.000000000000000000e+00
5.470875650644302368e-03
2.143911458551883698e-02
4.724859073758125305e-02
8.225669711828231812e-02
1.258344054222106934e-01
1.773667633533477783e-01
2.362521141767501831e-01
3.019023835659027100e-01
3.737436830997467041e-01
4.512154757976531982e-01
5.337703824043273926e-01
6.208759546279907227e-01
7.120122909545898438e-01
8.066733479499816895e-01
9.043675661087036133e-01
1.004615783691406250e+00
1.106953501701354980e+00
1.210929751396179199e+00
1.316106200218200684e+00
1.422060370445251465e+00
1.528380990028381348e+00
1.634671807289123535e+00
1.740550875663757324e+00
1.845647811889648438e+00
1.949607849121093750e+00
2.052089214324951172e+00
2.152763128280639648e+00
2.251316547393798828e+00
2.347447633743286133e+00
2.440869331359863281e+00
2.531308412551879883e+00
2.618505001068115234e+00
2.702212810516357422e+00
2.782199859619140625e+00
2.858247518539428711e+00
2.930150747299194336e+00
2.997717142105102539e+00
3.060769557952880859e+00
3.119144678115844727e+00
3.172691106796264648e+00
3.221273183822631836e+00
3.264766693115234375e+00
3.303062200546264648e+00
3.336065769195556641e+00
3.363692998886108398e+00
3.385877609252929688e+00
3.402563571929931641e+00
3.413710117340087891e+00
3.419290304183959961e+00
3.419290304183959961e+00
3.413710117340087891e+00
3.402563571929931641e+00
3.385877609252929688e+00
3.363692998886108398e+00
3.336065769195556641e+00
3.303062200546264648e+00
3.264766693115234375e+00
3.221273183822631836e+00
3.172691106796264648e+00
3.119144678115844727e+00
3.060769557952880859e+00
2.997717142105102539e+00
2.930150747299194336e+00
2.858247518539428711e+00
2.782199859619140625e+00
2.702212810516357422e+00
2.618505001068115234e+00
2.531308412551879883e+00
2.440869331359863281e+00
2.347447633743286133e+00
2.251316547393798828e+00
2.152763128280639648e+00
2.052089214324951172e+00
1.949607849121093750e+00
1.845647811889648438e+00
1.740550875663757324e+00
1.634671807289123535e+00
1.528380990028381348e+00
1.422060370445251465e+00
1.316106200218200684e+00
1.210929751396179199e+00
1.106953501701354980e+00
1.004615783691406250e+00
9.043675661087036133e-01
8.066733479499816895e-01
7.120122909545898438e-01
6.208759546279907227e-01
5.337703824043273926e-01
4.512154757976531982e-01
3.737436830997467041e-01
3.019023835659027100e-01
2.362521141767501831e-01
1.773667633533477783e-01
1.258344054222106934e-01
8.225669711828231812e-02
4.724859073758125305e-02
2.143911458551883698e-02
5.470875650644302368e-03
0.000000000000000000e+00
0.000000000000000000e+00
5.470875650644302368e-03
2.143911458551883698e-02
4.724859073758125305e-02
8.225669711828231812e-02
1.258344054222106934e-01
1.773667633533477783e-01
2.362521141767501831e-01
3.019023835659027100e-01
3.737436830997467041e-01
4.512154757976531982e-01
5.337703824043273926e-01
6.208759546279907227e-01
7.120122909545898438e-01
8.066733479499816895e-01
9.043675661087036133e-01
1.004615783691406250e+00
1.106953501701354980e+00
1.210929751396179199e+00
1.316106200218200684e+00
1.422060370445251465e+00
1.528380990028381348e+00
1.634671807289123535e+00
1.740550875663757324e+00
1.845647811889648438e+00
1.949607849121093750e+00
2.052089214324951172e+00
2.152763128280639648e+00
2.251316547393798828e+00
2.347447633743286133e+00
2.440869331359863281e+00
2.531308412551879883e+00
2.618505001068115234e+00
2.702212810516357422e+00
2.782199859619140625e+00
2.858247518539428711e+00
2.930150747299194336e+00
2.997717142105102539e+00
3.060769557952880859e+00
3.119144678115844727e+00
3.172691106796264648e+00
3.221273183822631836e+00
3.264766693115234375e+00
3.303062200546264648e+00
3.336065769195556641e+00
3.363692998886108398e+00
3.385877609252929688e+00
3.402563571929931641e+00
3.413710117340087891e+00
3.419290304183959961e+00
3.419290304183959961e+00
3.413710117340087891e+00
3.402563571929931641e+00
3.385877609252929688e+00
3.363692998886108398e+00
3.336065769195556641e+00
3.303062200546264648e+00
3.264766693115234375e+00
3.221273183822631836e+00
3.172691106796264648e+00
3.119144678115844727e+00
3.060769557952880859e+00
2.997717142105102539e+00
2.930150747299194336e+00
2.858247518539428711e+00
2.782199859619140625e+00
2.702212810516357422e+00
2.618505001068115234e+00
2.531308412551879883e+00
2.440869331359863281e+00
2.347447633743286133e+00
2.251316547393798828e+00
2.152763128280639648e+00
2.052089214324951172e+00
1.949607849121093750e+00
1.845647811889648438e+00
1.740550875663757324e+00
1.634671807289123535e+00
1.528380990028381348e+00
1.422060370445251465e+00
1.316106200218200684e+00
1.210929751396179199e+00
1.106953501701354980e+00
1.004615783691406250e+00
9.043675661087036133e-01
8.066733479499816895e-01
7.120122909545898438e-01
6.208759546279907227e-01
5.337703824043273926e-01
4.512154757976531982e-01
3.737436830997467041e-01
3.019023835659027100e-01
2.362521141767501831e-01
1.773667633533477783e-01
1.258344054222106934e-01
8.225669711828231812e-02
4.724859073758125305e-02
2.143911458551883698e-02
5.470875650644302368e-03
0.000000000000000000e+00
0.000000000000000000e+00
5.470875650644302368e-03
2.143911458551883698e-02
4.724859073758125305e-02
8.225669711828231812e-02
1.258344054222106934e-01
1.773667633533477783e-01
2.362521141767501831e-01
3.019023835659027100e-01
3.737436830997467041e-01
4.512154757976531982e-01
5.337703824043273926e-01
6.208759546279907227e-01
7.120122909545898438e-01
8.066733479499816895e-01
9.043675661087036133e-01
1.004615783691406250e+00
1.106953501701354980e+00
1.210929751396179199e+00
1.316106200218200684e+00
1.422060370445251465e+00
1.528380990028381348e+00
1.634671807289123535e+00
1.740550875663757324e+00
1.845647811889648438e+00
1.949607849121093750e+00
2.052089214324951172e+00
2.152763128280639648e+00
2.251316547393798828e+00
2.347447633743286133e+00
2.440869331359863281e+00
2.531308412551879883e+00
2.618505001068115234e+00
2.702212810516357422e+00
2.782199859619140625e+00
2.858247518539428711e+00
2.930150747299194336e+00
2.997717142105102539e+00
3.060769557952880859e+00
3.119144678115844727e+00
3.172691106796264648e+00
3.221273183822631836e+00
3.264766693115234375e+00
3.303062200546264648e+00
3.336065769195556641e+00
3.363692998886108398e+00
3.385877609252929688e+00
3.402563571929931641e+00
3.413710117340087891e+00
3.419290304183959961e+00
3.419290304183959961e+00
3.413710117340087891e+00
3.402563571929931641e+00
3.385877609252929688e+00
3.363692998886108398e+00
3.336065769195556641e+00
3.303062200546264648e+00
3.264766693115234375e+00
3.221273183822631836e+00
3.172691106796264648e+00
3.119144678115844727e+00
3.060769557952880859e+00
2.997717142105102539e+00
2.930150747299194336e+00
2.858247518539428711e+00
2.782199859619140625e+00
2.702212810516357422e+00
2.618505001068115234e+00
2.531308412551879883e+00
2.440869331359863281e+00
2.347447633743286133e+00
2.251316547393798828e+00
2.152763128280639648e+00
2.052089214324951172e+00
1.949607849121093750e+00
1.845647811889648438e+00
1.740550875663757324e+00
1.634671807289123535e+00
1.528380990028381348e+00
1.422060370445251465e+00
1.316106200218200684e+00
1.210929751396179199e+00
1.106953501701354980e+00
1.004615783691406250e+00
9.043675661087036133e-01
8.066733479499816895e-01
7.120122909545898438e-01
6.208759546279907227e-01
5.337703824043273926e-01
4.512154757976531982e-01
3.737436830997467041e-01
3.019023835659027100e-01
2.362521141767501831e-01
1.773667633533477783e-01
1.258344054222106934e-01
8.225669711828231812e-02
4.724859073758125305e-02
2.143911458551883698e-02
5.470875650644302368e-03
0.000000000000000000e+00
