0.000000000000000000e+00
4.961749073117971420e-03
1.944396272301673889e-02
4.285157099366188049e-02
7.460176944732666016e-02
1.141240820288658142e-01
1.608607620000839233e-01
2.142661660909652710e-01
2.738069295883178711e-01
3.389625847339630127e-01
4.092247188091278076e-01
4.840970039367675781e-01
5.630964040756225586e-01
6.457514166831970215e-01
7.316032052040100098e-01
8.202058672904968262e-01
9.111248850822448730e-01
1.003938794136047363e+00
1.098238825798034668e+00
1.193627476692199707e+00
1.289721369743347168e+00
1.386147856712341309e+00
1.482547044754028320e+00
1.578572750091552734e+00
1.673889398574829102e+00
1.768174767494201660e+00
1.861118912696838379e+00
1.952424287796020508e+00
2.041805982589721680e+00
2.128990888595581055e+00
2.213718652725219727e+00
2.295741319656372070e+00
2.374823331832885742e+00
2.450741291046142578e+00
2.523284673690795898e+00
2.592255353927612305e+00
2.657466650009155273e+00
2.718745708465576172e+00
2.775930166244506836e+00
2.828872919082641602e+00
2.877436399459838867e+00
2.921496868133544922e+00
2.960942983627319336e+00
2.995674848556518555e+00
3.025606870651245117e+00
3.050663232803344727e+00
3.070783138275146484e+00
3.085916280746459961e+00
3.096025705337524414e+00
3.101086378097534180e+00
3.101086378097534180e+00
3.096025705337524414e+00
3.085916280746459961e+00
3.070783138275146484e+00
3.050663232803344727e+00
3.025606870651245117e+00
2.995674848556518555e+00
2.960942983627319336e+00
2.921496868133544922e+00
2.877436399459838867e+00
2.828872919082641602e+00
2.775930166244506836e+00
2.718745708465576172e+00
2.657466650009155273e+00
2.592255353927612305e+00
2.523284673690795898e+00
2.450741291046142578e+00
2.374823331832885742e+00
2.295741319656372070e+00
2.213718652725219727e+00
2.128990888595581055e+00
2.041805982589721680e+00
1.952424287796020508e+00
1.861118912696838379e+00
1.768174767494201660e+00
1.673889398574829102e+00
1.578572750091552734e+00
1.482547044754028320e+00
1.386147856712341309e+00
1.289721369743347168e+00
1.193627476692199707e+00
1.098238825798034668e+00
1.003938794136047363e+00
9.111248850822448730e-01
8.202058672904968262e-01
7.316032052040100098e-01
6.457514166831970215e-01
5.630964040756225586e-01
4.840970039367675781e-01
4.092247188091278076e-01
3.389625847339630127e-01
2.738069295883178711e-01
2.142661660909652710e-01
1.608607620000839233e-01
1.141240820288658142e-01
7.460176944732666016e-02
4.285157099366188049e-02
1.944396272301673889e-02
4.961749073117971420e-03
0.000000000000000000e+00
0.000000000000000000e+00
4.961749073117971420e-03
1.944396272301673889e-02
4.285157099366188049e-02
7.460176944732666016e-02
1.141240820288658142e-01
1.608607620000839233e-01
2.142661660909652710e-01
2.738069295883178711e-01
3.389625847339630127e-01
4.092247188091278076e-01
4.840970039367675781e-01
5.630964040756225586e-01
6.457514166831970215e-01
7.316032052040100098e-01
8.202058672904968262e-01
9.111248850822448730e-01
1.003938794136047363e+00
1.098238825798034668e+00
1.193627476692199707e+00
1.289721369743347168e+00
1.386147856712341309e+00
1.482547044754028320e+00
1.578572750091552734e+00
1.673889398574829102e+00
1.768174767494201660e+00
1.861118912696838379e+00
1.952424287796020508e+00
2.041805982589721680e+00
2.128990888595581055e+00
2.213718652725219727e+00
2.295741319656372070e+00
2.374823331832885742e+00
2.450741291046142578e+00
2.523284673690795898e+00
2.592255353927612305e+00
2.657466650009155273e+00
2.718745708465576172e+00
2.775930166244506836e+00
2.828872919082641602e+00
2.877436399459838867e+00
2.921496868133544922e+00
2.960942983627319336e+00
2.995674848556518555e+00
3.025606870651245117e+00
3.050663232803344727e+00
3.070783138275146484e+00
3.085916280746459961e+00
3.096025705337524414e+00
3.101086378097534180e+00
3.101086378097534180e+00
3.096025705337524414e+00
3.085916280746459961e+00
3.070783138275146484e+00
3.050663232803344727e+00
3.025606870651245117e+00
2.995674848556518555e+00
2.960942983627319336e+00
2.921496868133544922e+00
2.877436399459838867e+00
2.828872919082641602e+00
2.775930166244506836e+00
2.718745708465576172e+00
2.657466650009155273e+00
2.592255353927612305e+00
2.523284673690795898e+00
2.450741291046142578e+00
2.374823331832885742e+00
2.295741319656372070e+00
2.213718652725219727e+00
2.128990888595581055e+00
2.041805982589721680e+00
1.952424287796020508e+00
1.861118912696838379e+00
1.768174767494201660e+00
1.673889398574829102e+00
1.578572750091552734e+00
1.482547044754028320e+00
1.386147856712341309e+00
1.289721369743347168e+00
1.193627476692199707e+00
1.098238825798034668e+00
1.003938794136047363e+00
9.111248850822448730e-01
8.202058672904968262e-01
7.316032052040100098e-01
6.457514166831970215e-01
5.630964040756225586e-01
4.840970039367675781e-01
4.092247188091278076e-01
3.389625847339630127e-01
2.738069295883178711e-01
2.142661660909652710e-01
1.608607620000839233e-01
1.141240820288658142e-01
7.460176944732666016e-02
4.285157099366188049e-02
1.944396272301673889e-02
4.961749073117971420e-03
0.000000000000000000e+00
0.000000000000000000e+00
4.961749073117971420e-03
1.944396272301673889e-02
4.285157099366188049e-02
7.460176944732666016e-02
1.141240820288658142e-01
1.608607620000839233e-01
2.142661660909652710e-01
2.738069295883178711e-01
3.389625847339630127e-01
4.092247188091278076e-01
4.840970039367675781e-01
5.630964040756225586e-01
6.457514166831970215e-01
7.316032052040100098e-01
8.202058672904968262e-01
9.111248850822448730e-01
1.003938794136047363e+00
1.098238825798034668e+00
1.193627476692199707e+00
1.289721369743347168e+00
1.386147856712341309e+00
1.482547044754028320e+00
1.578572750091552734e+00
1.673889398574829102e+00
1.768174767494201660e+00
1.861118912696838379e+00
1.952424287796020508e+00
2.041805982589721680e+00
2.128990888595581055e+00
2.213718652725219727e+00
2.295741319656372070e+00
2.374823331832885742e+00
2.450741291046142578e+00
2.523284673690795898e+00
2.592255353927612305e+00
2.657466650009155273e+00
2.718745708465576172e+00
2.775930166244506836e+00
2.828872919082641602e+00
2.877436399459838867e+00
2.921496868133544922e+00
2.960942983627319336e+00
2.995674848556518555e+00
3.025606870651245117e+00
3.050663232803344727e+00
3.070783138275146484e+00
3.085916280746459961e+00
3.096025705337524414e+00
3.101086378097534180e+00
3.101086378097534180e+00
3.096025705337524414e+00
3.085916280746459961e+00
3.070783138275146484e+00
3.050663232803344727e+00
3.025606870651245117e+00
2.995674848556518555e+00
2.960942983627319336e+00
2.921496868133544922e+00
2.877436399459838867e+00
2.828872919082641602e+00
2.775930166244506836e+00
2.718745708465576172e+00
2.657466650009155273e+00
2.592255353927612305e+00
2.523284673690795898e+00
2.450741291046142578e+00
2.374823331832885742e+00
2.295741319656372070e+00
2.213718652725219727e+00
2.128990888595581055e+00
2.041805982589721680e+00
1.952424287796020508e+00
1.861118912696838379e+00
1.768174767494201660e+00
1.673889398574829102e+00
1.578572750091552734e+00
1.482547044754028320e+00
1.386147856712341309e+00
1.289721369743347168e+00
1.193627476692199707e+00
1.098238825798034668e+00
1.003938794136047363e+00
9.111248850822448730e-01
8.202058672904968262e-01
7.316032052040100098e-01
6.457514166831970215e-01
5.630964040756225586e-01
4.840970039367675781e-01
4.092247188091278076e-01
3.389625847339630127e-01
2.738069295883178711e-01
2.142661660909652710e-01
1.608607620000839233e-01
1.141240820288658142e-01
7.460176944732666016e-02
4.285157099366188049e-02
1.944396272301673889e-02
4.961749073117971420e-03
0.000000000000000000e+00
0.000000000000000000e+00
4.961749073117971420e-03
1.944396272301673889e-02
4.285157099366188049e-02
7.460176944732666016e-02
1.141240820288658142e-01
1.608607620000839233e-01
2.142661660909652710e-01
2.738069295883178711e-01
3.389625847339630127e-01
4.092247188091278076e-01
4.840970039367675781e-01
5.630964040756225586e-01
6.457514166831970215e-01
7.316032052040100098e-01
8.202058672904968262e-01
9.111248850822448730e-01
1.003938794136047363e+00
1.098238825798034668e+00
1.193627476692199707e+00
1.289721369743347168e+00
1.386147856712341309e+00
1.482547044754028320e+00
1.578572750091552734e+00
1.673889398574829102e+00
1.768174767494201660e+00
1.861118912696838379e+00
1.952424287796020508e+00
2.041805982589721680e+00
2.128990888595581055e+00
2.213718652725219727e+00
2.295741319656372070e+00
2.374823331832885742e+00
2.450741291046142578e+00
2.523284673690795898e+00
2.592255353927612305e+00
2.657466650009155273e+00
2.718745708465576172e+00
2.775930166244506836e+00
2.828872919082641602e+00
2.877436399459838867e+00
2.921496868133544922e+00
2.960942983627319336e+00
2.995674848556518555e+00
3.025606870651245117e+00
3.050663232803344727e+00
3.070783138275146484e+00
3.085916280746459961e+00
3.096025705337524414e+00
3.101086378097534180e+00
3.101086378097534180e+00
3.096025705337524414e+00
3.085916280746459961e+00
3.070783138275146484e+00
3.050663232803344727e+00
3.025606870651245117e+00
2.995674848556518555e+00
2.960942983627319336e+00
2.921496868133544922e+00
2.877436399459838867e+00
2.828872919082641602e+00
2.775930166244506836e+00
2.718745708465576172e+00
2.657466650009155273e+00
2.592255353927612305e+00
2.523284673690795898e+00
2.450741291046142578e+00
2.374823331832885742e+00
2.295741319656372070e+00
2.213718652725219727e+00
2.128990888595581055e+00
2.041805982589721680e+00
1.952424287796020508e+00
1.861118912696838379e+00
1.768174767494201660e+00
1.673889398574829102e+00
1.578572750091552734e+00
1.482547044754028320e+00
1.386147856712341309e+00
1.289721369743347168e+00
1.193627476692199707e+00
1.098238825798034668e+00
1.003938794136047363e+00
9.111248850822448730e-01
8.202058672904968262e-01
7.316032052040100098e-01
6.457514166831970215e-01
5.630964040756225586e-01
4.840970039367675781e-01
4.092247188091278076e-01
3.389625847339630127e-01
2.738069295883178711e-01
2.142661660909652710e-01
1.608607620000839233e-01
1.141240820288658142e-01
7.460176944732666016e-02
4.285157099366188049e-02
1.944396272301673889e-02
4.961749073117971420e-03
0.000000000000000000e+00
0.000000000000000000e+00
4.961749073117971420e-03
1.944396272301673889e-02
4.285157099366188049e-02
7.460176944732666016e-02
1.141240820288658142e-01
1.608607620000839233e-01
2.142661660909652710e-01
2.738069295883178711e-01
3.389625847339630127e-01
4.092247188091278076e-01
4.840970039367675781e-01
5.630964040756225586e-01
6.457514166831970215e-01
7.316032052040100098e-01
8.202058672904968262e-01
9.111248850822448730e-01
1.003938794136047363e+00
1.098238825798034668e+00
1.193627476692199707e+00
1.289721369743347168e+00
1.386147856712341309e+00
1.482547044754028320e+00
1.578572750091552734e+00
1.673889398574829102e+00
1.768174767494201660e+00
1.861118912696838379e+00
1.952424287796020508e+00
2.041805982589721680e+00
2.128990888595581055e+00
2.213718652725219727e+00
2.295741319656372070e+00
2.374823331832885742e+00
2.450741291046142578e+00
2.523284673690795898e+00
2.592255353927612305e+00
2.657466650009155273e+00
2.718745708465576172e+00
2.775930166244506836e+00
2.828872919082641602e+00
2.877436399459838867e+00
2.921496868133544922e+00
2.960942983627319336e+00
2.995674848556518555e+00
3.025606870651245117e+00
3.050663232803344727e+00
3.070783138275146484e+00
3.085916280746459961e+00
3.096025705337524414e+00
3.101086378097534180e+00
3.101086378097534180e+00
3.096025705337524414e+00
3.085916280746459961e+00
3.070783138275146484e+00
3.050663232803344727e+00
3.025606870651245117e+00
2.995674848556518555e+00
2.960942983627319336e+00
2.921496868133544922e+00
2.877436399459838867e+00
2.828872919082641602e+00
2.775930166244506836e+00
2.718745708465576172e+00
2.657466650009155273e+00
2.592255353927612305e+00
2.523284673690795898e+00
2.450741291046142578e+00
2.374823331832885742e+00
2.295741319656372070e+00
2.213718652725219727e+00
2.128990888595581055e+00
2.041805982589721680e+00
1.952424287796020508e+00
1.861118912696838379e+00
1.768174767494201660e+00
1.673889398574829102e+00
1.578572750091552734e+00
1.482547044754028320e+00
1.386147856712341309e+00
1.289721369743347168e+00
1.193627476692199707e+00
1.098238825798034668e+00
1.003938794136047363e+00
9.111248850822448730e-01
8.202058672904968262e-01
7.316032052040100098e-01
6.457514166831970215e-01
5.630964040756225586e-01
4.840970039367675781e-01
4.092247188091278076e-01
3.389625847339630127e-01
2.738069295883178711e-01
2.142661660909652710e-01
1.608607620000839233e-01
1.141240820288658142e-01
7.460176944732666016e-02
4.285157099366188049e-02
1.944396272301673889e-02
4.961749073117971420e-03
0.000000000000000000e+00
0.000000000000000000e+00
4.961749073117971420e-03
1.944396272301673889e-02
4.285157099366188049e-02
7.460176944732666016e-02
1.141240820288658142e-01
1.608607620000839233e-01
2.142661660909652710e-01
2.738069295883178711e-01
3.389625847339630127e-01
4.092247188091278076e-01
4.840970039367675781e-01
5.630964040756225586e-01
6.457514166831970215e-01
7.316032052040100098e-01
8.202058672904968262e-01
9.111248850822448730e-01
1.003938794136047363e+00
1.098238825798034668e+00
1.193627476692199707e+00
1.289721369743347168e+00
1.386147856712341309e+00
1.482547044754028320e+00
1.578572750091552734e+00
1.673889398574829102e+00
1.768174767494201660e+00
1.861118912696838379e+00
1.952424287796020508e+00
2.041805982589721680e+00
2.128990888595581055e+00
2.213718652725219727e+00
2.295741319656372070e+00
2.374823331832885742e+00
2.450741291046142578e+00
2.523284673690795898e+00
2.592255353927612305e+00
2.657466650009155273e+00
2.718745708465576172e+00
2.775930166244506836e+00
2.828872919082641602e+00
2.877436399459838867e+00
2.921496868133544922e+00
2.960942983627319336e+00
2.995674848556518555e+00
3.025606870651245117e+00
3.050663232803344727e+00
3.070783138275146484e+00
3.085916280746459961e+00
3.096025705337524414e+00
3.101086378097534180e+00
3.101086378097534180e+00
3.096025705337524414e+00
3.085916280746459961e+00
3.070783138275146484e+00
3.050663232803344727e+00
3.025606870651245117e+00
2.995674848556518555e+00
2.960942983627319336e+00
2.921496868133544922e+00
2.877436399459838867e+00
2.828872919082641602e+00
2.775930166244506836e+00
2.718745708465576172e+00
2.657466650009155273e+00
2.592255353927612305e+00
2.523284673690795898e+00
2.450741291046142578e+00
2.374823331832885742e+00
2.295741319656372070e+00
2.213718652725219727e+00
2.128990888595581055e+00
2.041805982589721680e+00
1.952424287796020508e+00
1.861118912696838379e+00
1.768174767494201660e+00
1.673889398574829102e+00
1.578572750091552734e+00
1.482547044754028320e+00
1.386147856712341309e+00
1.289721369743347168e+00
1.193627476692199707e+00
1.098238825798034668e+00
1.003938794136047363e+00
9.111248850822448730e-01
8.202058672904968262e-01
7.316032052040100098e-01
6.457514166831970215e-01
5.630964040756225586e-01
4.840970039367675781e-01
4.092247188091278076e-01
3.389625847339630127e-01
2.738069295883178711e-01
2.142661660909652710e-01
1.608607620000839233e-01
1.141240820288658142e-01
7.460176944732666016e-02
4.285157099366188049e-02
1.944396272301673889e-02
4.961749073117971420e-03
0.000000000000000000e+00
