0.000000000000000000e+00
5.334157962352037430e-03
2.090334892272949219e-02
4.606784135103225708e-02
8.020108193159103394e-02
1.226897835731506348e-01
1.729343384504318237e-01
2.303481400012969971e-01
2.943577766418457031e-01
3.644037842750549316e-01
4.399394989013671875e-01
5.204313993453979492e-01
6.053601503372192383e-01
6.942189931869506836e-01
7.865144610404968262e-01
8.817672729492187500e-01
9.795103073120117188e-01
1.079290509223937988e+00
1.180668354034423828e+00
1.283216476440429688e+00
1.386522769927978516e+00
1.490186572074890137e+00
1.593821048736572266e+00
1.697054266929626465e+00
1.799524903297424316e+00
1.900886893272399902e+00
2.000807046890258789e+00
2.098965406417846680e+00
2.195055723190307617e+00
2.288784503936767578e+00
2.379871606826782227e+00
2.468050718307495117e+00
2.553068161010742188e+00
2.634684085845947266e+00
2.712672472000122070e+00
2.786819696426391602e+00
2.856925725936889648e+00
2.922803878784179688e+00
2.984280347824096680e+00
3.041196823120117188e+00
3.093405246734619141e+00
3.140772819519042969e+00
3.183179616928100586e+00
3.220518112182617188e+00
3.252696990966796875e+00
3.279633760452270508e+00
3.301263809204101562e+00
3.317532777786254883e+00
3.328401327133178711e+00
3.333841800689697266e+00
3.333841800689697266e+00
3.328401327133178711e+00
3.317532777786254883e+00
3.301263809204101562e+00
3.279633760452270508e+00
3.252696990966796875e+00
3.220518112182617188e+00
3.183179616928100586e+00
3.140772819519042969e+00
3.093405246734619141e+00
3.041196823120117188e+00
2.984280347824096680e+00
2.922803878784179688e+00
2.856925725936889648e+00
2.786819696426391602e+00
2.712672472000122070e+00
2.634684085845947266e+00
2.553068161010742188e+00
2.468050718307495117e+00
2.379871606826782227e+00
2.288784503936767578e+00
2.195055723190307617e+00
2.098965406417846680e+00
2.000807046890258789e+00
1.900886893272399902e+00
1.799524903297424316e+00
1.697054266929626465e+00
1.593821048736572266e+00
1.490186572074890137e+00
1.386522769927978516e+00
1.283216476440429688e+00
1.180668354034423828e+00
1.079290509223937988e+00
9.795103073120117188e-01
8.817672729492187500e-01
7.865144610404968262e-01
6.942189931869506836e-01
6.053601503372192383e-01
5.204313993453979492e-01
4.399394989013671875e-01
3.644037842750549316e-01
2.943577766418457031e-01
2.303481400012969971e-01
1.729343384504318237e-01
1.226897835731506348e-01
8.020108193159103394e-02
4.606784135103225708e-02
2.090334892272949219e-02
5.334157962352037430e-03
0.000000000000000000e+00
0.000000000000000000e+00
5.334157962352037430e-03
2.090334892272949219e-02
4.606784135103225708e-02
8.020108193159103394e-02
1.226897835731506348e-01
1.729343384504318237e-01
2.303481400012969971e-01
2.943577766418457031e-01
3.644037842750549316e-01
4.399394989013671875e-01
5.204313993453979492e-01
6.053601503372192383e-01
6.942189931869506836e-01
7.865144610404968262e-01
8.817672729492187500e-01
9.795103073120117188e-01
1.079290509223937988e+00
1.180668354034423828e+00
1.283216476440429688e+00
1.386522769927978516e+00
1.490186572074890137e+00
1.593821048736572266e+00
1.697054266929626465e+00
1.799524903297424316e+00
1.900886893272399902e+00
2.000807046890258789e+00
2.098965406417846680e+00
2.195055723190307617e+00
2.288784503936767578e+00
2.379871606826782227e+00
2.468050718307495117e+00
2.553068161010742188e+00
2.634684085845947266e+00
2.712672472000122070e+00
2.786819696426391602e+00
2.856925725936889648e+00
2.922803878784179688e+00
2.984280347824096680e+00
3.041196823120117188e+00
3.093405246734619141e+00
3.140772819519042969e+00
3.183179616928100586e+00
3.220518112182617188e+00
3.252696990966796875e+00
3.279633760452270508e+00
3.301263809204101562e+00
3.317532777786254883e+00
3.328401327133178711e+00
3.333841800689697266e+00
3.333841800689697266e+00
3.328401327133178711e+00
3.317532777786254883e+00
3.301263809204101562e+00
3.279633760452270508e+00
3.252696990966796875e+00
3.220518112182617188e+00
3.183179616928100586e+00
3.140772819519042969e+00
3.093405246734619141e+00
3.041196823120117188e+00
2.984280347824096680e+00
2.922803878784179688e+00
2.856925725936889648e+00
2.786819696426391602e+00
2.712672472000122070e+00
2.634684085845947266e+00
2.553068161010742188e+00
2.468050718307495117e+00
2.379871606826782227e+00
2.288784503936767578e+00
2.195055723190307617e+00
2.098965406417846680e+00
2.000807046890258789e+00
1.900886893272399902e+00
1.799524903297424316e+00
1.697054266929626465e+00
1.593821048736572266e+00
1.490186572074890137e+00
1.386522769927978516e+00
1.283216476440429688e+00
1.180668354034423828e+00
1.079290509223937988e+00
9.795103073120117188e-01
8.817672729492187500e-01
7.865144610404968262e-01
6.942189931869506836e-01
6.053601503372192383e-01
5.204313993453979492e-01
4.399394989013671875e-01
3.644037842750549316e-01
2.943577766418457031e-01
2.303481400012969971e-01
1.729343384504318237e-01
1.226897835731506348e-01
8.020108193159103394e-02
4.606784135103225708e-02
2.090334892272949219e-02
5.334157962352037430e-03
0.000000000000000000e+00
0.000000000000000000e+00
5.334157962352037430e-03
2.090334892272949219e-02
4.606784135103225708e-02
8.020108193159103394e-02
1.226897835731506348e-01
1.729343384504318237e-01
2.303481400012969971e-01
2.943577766418457031e-01
3.644037842750549316e-01
4.399394989013671875e-01
5.204313993453979492e-01
6.053601503372192383e-01
6.942189931869506836e-01
7.865144610404968262e-01
8.817672729492187500e-01
9.795103073120117188e-01
1.079290509223937988e+00
1.180668354034423828e+00
1.283216476440429688e+00
1.386522769927978516e+00
1.490186572074890137e+00
1.593821048736572266e+00
1.697054266929626465e+00
1.799524903297424316e+00
1.900886893272399902e+00
2.000807046890258789e+00
2.098965406417846680e+00
2.195055723190307617e+00
2.288784503936767578e+00
2.379871606826782227e+00
2.468050718307495117e+00
2.553068161010742188e+00
2.634684085845947266e+00
2.712672472000122070e+00
2.786819696426391602e+00
2.856925725936889648e+00
2.922803878784179688e+00
2.984280347824096680e+00
3.041196823120117188e+00
3.093405246734619141e+00
3.140772819519042969e+00
3.183179616928100586e+00
3.220518112182617188e+00
3.252696990966796875e+00
3.279633760452270508e+00
3.301263809204101562e+00
3.317532777786254883e+00
3.328401327133178711e+00
3.333841800689697266e+00
3.333841800689697266e+00
3.328401327133178711e+00
3.317532777786254883e+00
3.301263809204101562e+00
3.279633760452270508e+00
3.252696990966796875e+00
3.220518112182617188e+00
3.183179616928100586e+00
3.140772819519042969e+00
3.093405246734619141e+00
3.041196823120117188e+00
2.984280347824096680e+00
2.922803878784179688e+00
2.856925725936889648e+00
2.786819696426391602e+00
2.712672472000122070e+00
2.634684085845947266e+00
2.553068161010742188e+00
2.468050718307495117e+00
2.379871606826782227e+00
2.288784503936767578e+00
2.195055723190307617e+00
2.098965406417846680e+00
2.000807046890258789e+00
1.900886893272399902e+00
1.799524903297424316e+00
1.697054266929626465e+00
1.593821048736572266e+00
1.490186572074890137e+00
1.386522769927978516e+00
1.283216476440429688e+00
1.180668354034423828e+00
1.079290509223937988e+00
9.795103073120117188e-01
8.817672729492187500e-01
7.865144610404968262e-01
6.942189931869506836e-01
6.053601503372192383e-01
5.204313993453979492e-01
4.399394989013671875e-01
3.644037842750549316e-01
2.943577766418457031e-01
2.303481400012969971e-01
1.729343384504318237e-01
1.226897835731506348e-01
8.020108193159103394e-02
4.606784135103225708e-02
2.090334892272949219e-02
5.334157962352037430e-03
0.000000000000000000e+00
0.000000000000000000e+00
5.334157962352037430e-03
2.090334892272949219e-02
4.606784135103225708e-02
8.020108193159103394e-02
1.226897835731506348e-01
1.729343384504318237e-01
2.303481400012969971e-01
2.943577766418457031e-01
3.644037842750549316e-01
4.399394989013671875e-01
5.204313993453979492e-01
6.053601503372192383e-01
6.942189931869506836e-01
7.865144610404968262e-01
8.817672729492187500e-01
9.795103073120117188e-01
1.079290509223937988e+00
1.180668354034423828e+00
1.283216476440429688e+00
1.386522769927978516e+00
1.490186572074890137e+00
1.593821048736572266e+00
1.697054266929626465e+00
1.799524903297424316e+00
1.900886893272399902e+00
2.000807046890258789e+00
2.098965406417846680e+00
2.195055723190307617e+00
2.288784503936767578e+00
2.379871606826782227e+00
2.468050718307495117e+00
2.553068161010742188e+00
2.634684085845947266e+00
2.712672472000122070e+00
2.786819696426391602e+00
2.856925725936889648e+00
2.922803878784179688e+00
2.984280347824096680e+00
3.041196823120117188e+00
3.093405246734619141e+00
3.140772819519042969e+00
3.183179616928100586e+00
3.220518112182617188e+00
3.252696990966796875e+00
3.279633760452270508e+00
3.301263809204101562e+00
3.317532777786254883e+00
3.328401327133178711e+00
3.333841800689697266e+00
3.333841800689697266e+00
3.328401327133178711e+00
3.317532777786254883e+00
3.301263809204101562e+00
3.279633760452270508e+00
3.252696990966796875e+00
3.220518112182617188e+00
3.183179616928100586e+00
3.140772819519042969e+00
3.093405246734619141e+00
3.041196823120117188e+00
2.984280347824096680e+00
2.922803878784179688e+00
2.856925725936889648e+00
2.786819696426391602e+00
2.712672472000122070e+00
2.634684085845947266e+00
2.553068161010742188e+00
2.468050718307495117e+00
2.379871606826782227e+00
2.288784503936767578e+00
2.195055723190307617e+00
2.098965406417846680e+00
2.000807046890258789e+00
1.900886893272399902e+00
1.799524903297424316e+00
1.697054266929626465e+00
1.593821048736572266e+00
1.490186572074890137e+00
1.386522769927978516e+00
1.283216476440429688e+00
1.180668354034423828e+00
1.079290509223937988e+00
9.795103073120117188e-01
8.817672729492187500e-01
7.865144610404968262e-01
6.942189931869506836e-01
6.053601503372192383e-01
5.204313993453979492e-01
4.399394989013671875e-01
3.644037842750549316e-01
2.943577766418457031e-01
2.303481400012969971e-01
1.729343384504318237e-01
1.226897835731506348e-01
8.020108193159103394e-02
4.606784135103225708e-02
2.090334892272949219e-02
5.334157962352037430e-03
0.000000000000000000e+00
0.000000000000000000e+00
5.334157962352037430e-03
2.090334892272949219e-02
4.606784135103225708e-02
8.020108193159103394e-02
1.226897835731506348e-01
1.729343384504318237e-01
2.303481400012969971e-01
2.943577766418457031e-01
3.644037842750549316e-01
4.399394989013671875e-01
5.204313993453979492e-01
6.053601503372192383e-01
6.942189931869506836e-01
7.865144610404968262e-01
8.817672729492187500e-01
9.795103073120117188e-01
1.079290509223937988e+00
1.180668354034423828e+00
1.283216476440429688e+00
1.386522769927978516e+00
1.490186572074890137e+00
1.593821048736572266e+00
1.697054266929626465e+00
1.799524903297424316e+00
1.900886893272399902e+00
2.000807046890258789e+00
2.098965406417846680e+00
2.195055723190307617e+00
2.288784503936767578e+00
2.379871606826782227e+00
2.468050718307495117e+00
2.553068161010742188e+00
2.634684085845947266e+00
2.712672472000122070e+00
2.786819696426391602e+00
2.856925725936889648e+00
2.922803878784179688e+00
2.984280347824096680e+00
3.041196823120117188e+00
3.093405246734619141e+00
3.140772819519042969e+00
3.183179616928100586e+00
3.220518112182617188e+00
3.252696990966796875e+00
3.279633760452270508e+00
3.301263809204101562e+00
3.317532777786254883e+00
3.328401327133178711e+00
3.333841800689697266e+00
3.333841800689697266e+00
3.328401327133178711e+00
3.317532777786254883e+00
3.301263809204101562e+00
3.279633760452270508e+00
3.252696990966796875e+00
3.220518112182617188e+00
3.183179616928100586e+00
3.140772819519042969e+00
3.093405246734619141e+00
3.041196823120117188e+00
2.984280347824096680e+00
2.922803878784179688e+00
2.856925725936889648e+00
2.786819696426391602e+00
2.712672472000122070e+00
2.634684085845947266e+00
2.553068161010742188e+00
2.468050718307495117e+00
2.379871606826782227e+00
2.288784503936767578e+00
2.195055723190307617e+00
2.098965406417846680e+00
2.000807046890258789e+00
1.900886893272399902e+00
1.799524903297424316e+00
1.697054266929626465e+00
1.593821048736572266e+00
1.490186572074890137e+00
1.386522769927978516e+00
1.283216476440429688e+00
1.180668354034423828e+00
1.079290509223937988e+00
9.795103073120117188e-01
8.817672729492187500e-01
7.865144610404968262e-01
6.942189931869506836e-01
6.053601503372192383e-01
5.204313993453979492e-01
4.399394989013671875e-01
3.644037842750549316e-01
2.943577766418457031e-01
2.303481400012969971e-01
1.729343384504318237e-01
1.226897835731506348e-01
8.020108193159103394e-02
4.606784135103225708e-02
2.090334892272949219e-02
5.334157962352037430e-03
0.000000000000000000e+00
0.000000000000000000e+00
5.334157962352037430e-03
2.090334892272949219e-02
4.606784135103225708e-02
8.020108193159103394e-02
1.226897835731506348e-01
1.729343384504318237e-01
2.303481400012969971e-01
2.943577766418457031e-01
3.644037842750549316e-01
4.399394989013671875e-01
5.204313993453979492e-01
6.053601503372192383e-01
6.942189931869506836e-01
7.865144610404968262e-01
8.817672729492187500e-01
9.795103073120117188e-01
1.079290509223937988e+00
1.180668354034423828e+00
1.283216476440429688e+00
1.386522769927978516e+00
1.490186572074890137e+00
1.593821048736572266e+00
1.697054266929626465e+00
1.799524903297424316e+00
1.900886893272399902e+00
2.000807046890258789e+00
2.098965406417846680e+00
2.195055723190307617e+00
2.288784503936767578e+00
2.379871606826782227e+00
2.468050718307495117e+00
2.553068161010742188e+00
2.634684085845947266e+00
2.712672472000122070e+00
2.786819696426391602e+00
2.856925725936889648e+00
2.922803878784179688e+00
2.984280347824096680e+00
3.041196823120117188e+00
3.093405246734619141e+00
3.140772819519042969e+00
3.183179616928100586e+00
3.220518112182617188e+00
3.252696990966796875e+00
3.279633760452270508e+00
3.301263809204101562e+00
3.317532777786254883e+00
3.328401327133178711e+00
3.333841800689697266e+00
3.333841800689697266e+00
3.328401327133178711e+00
3.317532777786254883e+00
3.301263809204101562e+00
3.279633760452270508e+00
3.252696990966796875e+00
3.220518112182617188e+00
3.183179616928100586e+00
3.140772819519042969e+00
3.093405246734619141e+00
3.041196823120117188e+00
2.984280347824096680e+00
2.922803878784179688e+00
2.856925725936889648e+00
2.786819696426391602e+00
2.712672472000122070e+00
2.634684085845947266e+00
2.553068161010742188e+00
2.468050718307495117e+00
2.379871606826782227e+00
2.288784503936767578e+00
2.195055723190307617e+00
2.098965406417846680e+00
2.000807046890258789e+00
1.900886893272399902e+00
1.799524903297424316e+00
1.697054266929626465e+00
1.593821048736572266e+00
1.490186572074890137e+00
1.386522769927978516e+00
1.283216476440429688e+00
1.180668354034423828e+00
1.079290509223937988e+00
9.795103073120117188e-01
8.817672729492187500e-01
7.865144610404968262e-01
6.942189931869506836e-01
6.053601503372192383e-01
5.204313993453979492e-01
4.399394989013671875e-01
3.644037842750549316e-01
2.943577766418457031e-01
2.303481400012969971e-01
1.729343384504318237e-01
1.226897835731506348e-01
8.020108193159103394e-02
4.606784135103225708e-02
2.090334892272949219e-02
5.334157962352037430e-03
0.000000000000000000e+00
