0.000000000000000000e+00
5.241034086793661118e-03
2.053841762244701385e-02
4.526358470320701599e-02
7.880093157291412354e-02
1.205478683114051819e-01
1.699152439832687378e-01
2.263267040252685547e-01
2.892188727855682373e-01
3.580420017242431641e-01
4.322590529918670654e-01
5.113456845283508301e-01
5.947917699813842773e-01
6.820992827415466309e-01
7.727834582328796387e-01
8.663733601570129395e-01
9.624099731445312500e-01
1.060448169708251953e+00
1.160056233406066895e+00
1.260814070701599121e+00
1.362316846847534180e+00
1.464170813560485840e+00
1.565996050834655762e+00
1.667427062988281250e+00
1.768108725547790527e+00
1.867701172828674316e+00
1.965876936912536621e+00
2.062321662902832031e+00
2.156734228134155273e+00
2.248826742172241211e+00
2.338323831558227539e+00
2.424963235855102539e+00
2.508496761322021484e+00
2.588687658309936523e+00
2.665314435958862305e+00
2.738167285919189453e+00
2.807049512863159180e+00
2.871777296066284180e+00
2.932180881500244141e+00
2.988103628158569336e+00
3.039400577545166016e+00
3.085941076278686523e+00
3.127607583999633789e+00
3.164294242858886719e+00
3.195911169052124023e+00
3.222377777099609375e+00
3.243630170822143555e+00
3.259615421295166016e+00
3.270293951034545898e+00
3.275639295578002930e+00
3.275639295578002930e+00
3.270293951034545898e+00
3.259615421295166016e+00
3.243630170822143555e+00
3.222377777099609375e+00
3.195911169052124023e+00
3.164294242858886719e+00
3.127607583999633789e+00
3.085941076278686523e+00
3.039400577545166016e+00
2.988103628158569336e+00
2.932180881500244141e+00
2.871777296066284180e+00
2.807049512863159180e+00
2.738167285919189453e+00
2.665314435958862305e+00
2.588687658309936523e+00
2.508496761322021484e+00
2.424963235855102539e+00
2.338323831558227539e+00
2.248826742172241211e+00
2.156734228134155273e+00
2.062321662902832031e+00
1.965876936912536621e+00
1.867701172828674316e+00
1.768108725547790527e+00
1.667427062988281250e+00
1.565996050834655762e+00
1.464170813560485840e+00
1.362316846847534180e+00
1.260814070701599121e+00
1.160056233406066895e+00
1.060448169708251953e+00
9.624100923538208008e-01
8.663734793663024902e-01
7.727835178375244141e-01
6.820994019508361816e-01
5.947918295860290527e-01
5.113457441329956055e-01
4.322590827941894531e-01
3.580420315265655518e-01
2.892189025878906250e-01
2.263267338275909424e-01
1.699152737855911255e-01
1.205478832125663757e-01
7.880093902349472046e-02
4.526359215378761292e-02
2.053841948509216309e-02
5.241034552454948425e-03
0.000000000000000000e+00
0.000000000000000000e+00
5.241034086793661118e-03
2.053841762244701385e-02
4.526358470320701599e-02
7.880093157291412354e-02
1.205478683114051819e-01
1.699152439832687378e-01
2.263267040252685547e-01
2.892188727855682373e-01
3.580420017242431641e-01
4.322590529918670654e-01
5.113456845283508301e-01
5.947917699813842773e-01
6.820992827415466309e-01
7.727834582328796387e-01
8.663733601570129395e-01
9.624099731445312500e-01
1.060448169708251953e+00
1.160056233406066895e+00
1.260814070701599121e+00
1.362316846847534180e+00
1.464170813560485840e+00
1.565996050834655762e+00
1.667427062988281250e+00
1.768108725547790527e+00
1.867701172828674316e+00
1.965876936912536621e+00
2.062321662902832031e+00
2.156734228134155273e+00
2.248826742172241211e+00
2.338323831558227539e+00
2.424963235855102539e+00
2.508496761322021484e+00
2.588687658309936523e+00
2.665314435958862305e+00
2.738167285919189453e+00
2.807049512863159180e+00
2.871777296066284180e+00
2.932180881500244141e+00
2.988103628158569336e+00
3.039400577545166016e+00
3.085941076278686523e+00
3.127607583999633789e+00
3.164294242858886719e+00
3.195911169052124023e+00
3.222377777099609375e+00
3.243630170822143555e+00
3.259615421295166016e+00
3.270293951034545898e+00
3.275639295578002930e+00
3.275639295578002930e+00
3.270293951034545898e+00
3.259615421295166016e+00
3.243630170822143555e+00
3.222377777099609375e+00
3.195911169052124023e+00
3.164294242858886719e+00
3.127607583999633789e+00
3.085941076278686523e+00
3.039400577545166016e+00
2.988103628158569336e+00
2.932180881500244141e+00
2.871777296066284180e+00
2.807049512863159180e+00
2.738167285919189453e+00
2.665314435958862305e+00
2.588687658309936523e+00
2.508496761322021484e+00
2.424963235855102539e+00
2.338323831558227539e+00
2.248826742172241211e+00
2.156734228134155273e+00
2.062321662902832031e+00
1.965876936912536621e+00
1.867701172828674316e+00
1.768108725547790527e+00
1.667427062988281250e+00
1.565996050834655762e+00
1.464170813560485840e+00
1.362316846847534180e+00
1.260814070701599121e+00
1.160056233406066895e+00
1.060448169708251953e+00
9.624100923538208008e-01
8.663734793663024902e-01
7.727835178375244141e-01
6.820994019508361816e-01
5.947918295860290527e-01
5.113457441329956055e-01
4.322590827941894531e-01
3.580420315265655518e-01
2.892189025878906250e-01
2.263267338275909424e-01
1.699152737855911255e-01
1.205478832125663757e-01
7.880093902349472046e-02
4.526359215378761292e-02
2.053841948509216309e-02
5.241034552454948425e-03
0.000000000000000000e+00
0.000000000000000000e+00
5.241034086793661118e-03
2.053841762244701385e-02
4.526358470320701599e-02
7.880093157291412354e-02
1.205478683114051819e-01
1.699152439832687378e-01
2.263267040252685547e-01
2.892188727855682373e-01
3.580420017242431641e-01
4.322590529918670654e-01
5.113456845283508301e-01
5.947917699813842773e-01
6.820992827415466309e-01
7.727834582328796387e-01
8.663733601570129395e-01
9.624099731445312500e-01
1.060448169708251953e+00
1.160056233406066895e+00
1.260814070701599121e+00
1.362316846847534180e+00
1.464170813560485840e+00
1.565996050834655762e+00
1.667427062988281250e+00
1.768108725547790527e+00
1.867701172828674316e+00
1.965876936912536621e+00
2.062321662902832031e+00
2.156734228134155273e+00
2.248826742172241211e+00
2.338323831558227539e+00
2.424963235855102539e+00
2.508496761322021484e+00
2.588687658309936523e+00
2.665314435958862305e+00
2.738167285919189453e+00
2.807049512863159180e+00
2.871777296066284180e+00
2.932180881500244141e+00
2.988103628158569336e+00
3.039400577545166016e+00
3.085941076278686523e+00
3.127607583999633789e+00
3.164294242858886719e+00
3.195911169052124023e+00
3.222377777099609375e+00
3.243630170822143555e+00
3.259615421295166016e+00
3.270293951034545898e+00
3.275639295578002930e+00
3.275639295578002930e+00
3.270293951034545898e+00
3.259615421295166016e+00
3.243630170822143555e+00
3.222377777099609375e+00
3.195911169052124023e+00
3.164294242858886719e+00
3.127607583999633789e+00
3.085941076278686523e+00
3.039400577545166016e+00
2.988103628158569336e+00
2.932180881500244141e+00
2.871777296066284180e+00
2.807049512863159180e+00
2.738167285919189453e+00
2.665314435958862305e+00
2.588687658309936523e+00
2.508496761322021484e+00
2.424963235855102539e+00
2.338323831558227539e+00
2.248826742172241211e+00
2.156734228134155273e+00
2.062321662902832031e+00
1.965876936912536621e+00
1.867701172828674316e+00
1.768108725547790527e+00
1.667427062988281250e+00
1.565996050834655762e+00
1.464170813560485840e+00
1.362316846847534180e+00
1.260814070701599121e+00
1.160056233406066895e+00
1.060448169708251953e+00
9.624100923538208008e-01
8.663734793663024902e-01
7.727835178375244141e-01
6.820994019508361816e-01
5.947918295860290527e-01
5.113457441329956055e-01
4.322590827941894531e-01
3.580420315265655518e-01
2.892189025878906250e-01
2.263267338275909424e-01
1.699152737855911255e-01
1.205478832125663757e-01
7.880093902349472046e-02
4.526359215378761292e-02
2.053841948509216309e-02
5.241034552454948425e-03
0.000000000000000000e+00
0.000000000000000000e+00
5.241034086793661118e-03
2.053841762244701385e-02
4.526358470320701599e-02
7.880093157291412354e-02
1.205478683114051819e-01
1.699152439832687378e-01
2.263267040252685547e-01
2.892188727855682373e-01
3.580420017242431641e-01
4.322590529918670654e-01
5.113456845283508301e-01
5.947917699813842773e-01
6.820992827415466309e-01
7.727834582328796387e-01
8.663733601570129395e-01
9.624099731445312500e-01
1.060448169708251953e+00
1.160056233406066895e+00
1.260814070701599121e+00
1.362316846847534180e+00
1.464170813560485840e+00
1.565996050834655762e+00
1.667427062988281250e+00
1.768108725547790527e+00
1.867701172828674316e+00
1.965876936912536621e+00
2.062321662902832031e+00
2.156734228134155273e+00
2.248826742172241211e+00
2.338323831558227539e+00
2.424963235855102539e+00
2.508496761322021484e+00
2.588687658309936523e+00
2.665314435958862305e+00
2.738167285919189453e+00
2.807049512863159180e+00
2.871777296066284180e+00
2.932180881500244141e+00
2.988103628158569336e+00
3.039400577545166016e+00
3.085941076278686523e+00
3.127607583999633789e+00
3.164294242858886719e+00
3.195911169052124023e+00
3.222377777099609375e+00
3.243630170822143555e+00
3.259615421295166016e+00
3.270293951034545898e+00
3.275639295578002930e+00
3.275639295578002930e+00
3.270293951034545898e+00
3.259615421295166016e+00
3.243630170822143555e+00
3.222377777099609375e+00
3.195911169052124023e+00
3.164294242858886719e+00
3.127607583999633789e+00
3.085941076278686523e+00
3.039400577545166016e+00
2.988103628158569336e+00
2.932180881500244141e+00
2.871777296066284180e+00
2.807049512863159180e+00
2.738167285919189453e+00
2.665314435958862305e+00
2.588687658309936523e+00
2.508496761322021484e+00
2.424963235855102539e+00
2.338323831558227539e+00
2.248826742172241211e+00
2.156734228134155273e+00
2.062321662902832031e+00
1.965876936912536621e+00
1.867701172828674316e+00
1.768108725547790527e+00
1.667427062988281250e+00
1.565996050834655762e+00
1.464170813560485840e+00
1.362316846847534180e+00
1.260814070701599121e+00
1.160056233406066895e+00
1.060448169708251953e+00
9.624100923538208008e-01
8.663734793663024902e-01
7.727835178375244141e-01
6.820994019508361816e-01
5.947918295860290527e-01
5.113457441329956055e-01
4.322590827941894531e-01
3.580420315265655518e-01
2.892189025878906250e-01
2.263267338275909424e-01
1.699152737855911255e-01
1.205478832125663757e-01
7.880093902349472046e-02
4.526359215378761292e-02
2.053841948509216309e-02
5.241034552454948425e-03
0.000000000000000000e+00
0.000000000000000000e+00
5.241034086793661118e-03
2.053841762244701385e-02
4.526358470320701599e-02
7.880093157291412354e-02
1.205478683114051819e-01
1.699152439832687378e-01
2.263267040252685547e-01
2.892188727855682373e-01
3.580420017242431641e-01
4.322590529918670654e-01
5.113456845283508301e-01
5.947917699813842773e-01
6.820992827415466309e-01
7.727834582328796387e-01
8.663733601570129395e-01
9.624099731445312500e-01
1.060448169708251953e+00
1.160056233406066895e+00
1.260814070701599121e+00
1.362316846847534180e+00
1.464170813560485840e+00
1.565996050834655762e+00
1.667427062988281250e+00
1.768108725547790527e+00
1.867701172828674316e+00
1.965876936912536621e+00
2.062321662902832031e+00
2.156734228134155273e+00
2.248826742172241211e+00
2.338323831558227539e+00
2.424963235855102539e+00
2.508496761322021484e+00
2.588687658309936523e+00
2.665314435958862305e+00
2.738167285919189453e+00
2.807049512863159180e+00
2.871777296066284180e+00
2.932180881500244141e+00
2.988103628158569336e+00
3.039400577545166016e+00
3.085941076278686523e+00
3.127607583999633789e+00
3.164294242858886719e+00
3.195911169052124023e+00
3.222377777099609375e+00
3.243630170822143555e+00
3.259615421295166016e+00
3.270293951034545898e+00
3.275639295578002930e+00
3.275639295578002930e+00
3.270293951034545898e+00
3.259615421295166016e+00
3.243630170822143555e+00
3.222377777099609375e+00
3.195911169052124023e+00
3.164294242858886719e+00
3.127607583999633789e+00
3.085941076278686523e+00
3.039400577545166016e+00
2.988103628158569336e+00
2.932180881500244141e+00
2.871777296066284180e+00
2.807049512863159180e+00
2.738167285919189453e+00
2.665314435958862305e+00
2.588687658309936523e+00
2.508496761322021484e+00
2.424963235855102539e+00
2.338323831558227539e+00
2.248826742172241211e+00
2.156734228134155273e+00
2.062321662902832031e+00
1.965876936912536621e+00
1.867701172828674316e+00
1.768108725547790527e+00
1.667427062988281250e+00
1.565996050834655762e+00
1.464170813560485840e+00
1.362316846847534180e+00
1.260814070701599121e+00
1.160056233406066895e+00
1.060448169708251953e+00
9.624100923538208008e-01
8.663734793663024902e-01
7.727835178375244141e-01
6.820994019508361816e-01
5.947918295860290527e-01
5.113457441329956055e-01
4.322590827941894531e-01
3.580420315265655518e-01
2.892189025878906250e-01
2.263267338275909424e-01
1.699152737855911255e-01
1.205478832125663757e-01
7.880093902349472046e-02
4.526359215378761292e-02
2.053841948509216309e-02
5.241034552454948425e-03
0.000000000000000000e+00
0.000000000000000000e+00
5.241034086793661118e-03
2.053841762244701385e-02
4.526358470320701599e-02
7.880093157291412354e-02
1.205478683114051819e-01
1.699152439832687378e-01
2.263267040252685547e-01
2.892188727855682373e-01
3.580420017242431641e-01
4.322590529918670654e-01
5.113456845283508301e-01
5.947917699813842773e-01
6.820992827415466309e-01
7.727834582328796387e-01
8.663733601570129395e-01
9.624099731445312500e-01
1.060448169708251953e+00
1.160056233406066895e+00
1.260814070701599121e+00
1.362316846847534180e+00
1.464170813560485840e+00
1.565996050834655762e+00
1.667427062988281250e+00
1.768108725547790527e+00
1.867701172828674316e+00
1.965876936912536621e+00
2.062321662902832031e+00
2.156734228134155273e+00
2.248826742172241211e+00
2.338323831558227539e+00
2.424963235855102539e+00
2.508496761322021484e+00
2.588687658309936523e+00
2.665314435958862305e+00
2.738167285919189453e+00
2.807049512863159180e+00
2.871777296066284180e+00
2.932180881500244141e+00
2.988103628158569336e+00
3.039400577545166016e+00
3.085941076278686523e+00
3.127607583999633789e+00
3.164294242858886719e+00
3.195911169052124023e+00
3.222377777099609375e+00
3.243630170822143555e+00
3.259615421295166016e+00
3.270293951034545898e+00
3.275639295578002930e+00
3.275639295578002930e+00
3.270293951034545898e+00
3.259615421295166016e+00
3.243630170822143555e+00
3.222377777099609375e+00
3.195911169052124023e+00
3.164294242858886719e+00
3.127607583999633789e+00
3.085941076278686523e+00
3.039400577545166016e+00
2.988103628158569336e+00
2.932180881500244141e+00
2.871777296066284180e+00
2.807049512863159180e+00
2.738167285919189453e+00
2.665314435958862305e+00
2.588687658309936523e+00
2.508496761322021484e+00
2.424963235855102539e+00
2.338323831558227539e+00
2.248826742172241211e+00
2.156734228134155273e+00
2.062321662902832031e+00
1.965876936912536621e+00
1.867701172828674316e+00
1.768108725547790527e+00
1.667427062988281250e+00
1.565996050834655762e+00
1.464170813560485840e+00
1.362316846847534180e+00
1.260814070701599121e+00
1.160056233406066895e+00
1.060448169708251953e+00
9.624100923538208008e-01
8.663734793663024902e-01
7.727835178375244141e-01
6.820994019508361816e-01
5.947918295860290527e-01
5.113457441329956055e-01
4.322590827941894531e-01
3.580420315265655518e-01
2.892189025878906250e-01
2.263267338275909424e-01
1.699152737855911255e-01
1.205478832125663757e-01
7.880093902349472046e-02
4.526359215378761292e-02
2.053841948509216309e-02
5.241034552454948425e-03
0.000000000000000000e+00
