0.000000000000000000e+00
5.229712929576635361e-03
2.049405314028263092e-02
4.516581445932388306e-02
7.863071560859680176e-02
1.202874779701232910e-01
1.695482134819030762e-01
2.258378267288208008e-01
2.885941565036773682e-01
3.572686016559600830e-01
4.313252866268157959e-01
5.102411508560180664e-01
5.935069918632507324e-01
6.806259155273437500e-01
7.711141705513000488e-01
8.645019531250000000e-01
9.603311419486999512e-01
1.058157563209533691e+00
1.157550454139709473e+00
1.258090615272521973e+00
1.359374165534973145e+00
1.461008071899414062e+00
1.562613487243652344e+00
1.663825273513793945e+00
1.764289498329162598e+00
1.863666892051696777e+00
1.961630463600158691e+00
2.057866811752319336e+00
2.152075767517089844e+00
2.243969202041625977e+00
2.333272695541381836e+00
2.419725179672241211e+00
2.503078222274780273e+00
2.583096027374267578e+00
2.659557104110717773e+00
2.732252597808837891e+00
2.800986051559448242e+00
2.865574359893798828e+00
2.925847053527832031e+00
2.981649160385131836e+00
3.032835245132446289e+00
3.079275369644165039e+00
3.120851755142211914e+00
3.157459020614624023e+00
3.189007759094238281e+00
3.215417623519897461e+00
3.236623764038085938e+00
3.252574205398559570e+00
3.263229846954345703e+00
3.268563508987426758e+00
3.268563508987426758e+00
3.263229846954345703e+00
3.252574205398559570e+00
3.236623764038085938e+00
3.215417623519897461e+00
3.189007759094238281e+00
3.157459020614624023e+00
3.120851755142211914e+00
3.079275369644165039e+00
3.032835245132446289e+00
2.981649160385131836e+00
2.925847053527832031e+00
2.865574359893798828e+00
2.800986051559448242e+00
2.732252597808837891e+00
2.659557104110717773e+00
2.583096027374267578e+00
2.503078222274780273e+00
2.419725179672241211e+00
2.333272695541381836e+00
2.243969202041625977e+00
2.152075767517089844e+00
2.057866811752319336e+00
1.961630463600158691e+00
1.863666892051696777e+00
1.764289498329162598e+00
1.663825273513793945e+00
1.562613487243652344e+00
1.461008071899414062e+00
1.359374165534973145e+00
1.258090615272521973e+00
1.157550454139709473e+00
1.058157563209533691e+00
9.603311419486999512e-01
8.645019531250000000e-01
7.711141705513000488e-01
6.806259155273437500e-01
5.935069918632507324e-01
5.102411508560180664e-01
4.313252866268157959e-01
3.572686016559600830e-01
2.885941565036773682e-01
2.258378267288208008e-01
1.695482134819030762e-01
1.202874779701232910e-01
7.863071560859680176e-02
4.516581445932388306e-02
2.049405314028263092e-02
5.229712929576635361e-03
0.000000000000000000e+00
0.000000000000000000e+00
5.229712929576635361e-03
2.049405314028263092e-02
4.516581445932388306e-02
7.863071560859680176e-02
1.202874779701232910e-01
1.695482134819030762e-01
2.258378267288208008e-01
2.885941565036773682e-01
3.572686016559600830e-01
4.313252866268157959e-01
5.102411508560180664e-01
5.935069918632507324e-01
6.806259155273437500e-01
7.711141705513000488e-01
8.645019531250000000e-01
9.603311419486999512e-01
1.058157563209533691e+00
1.157550454139709473e+00
1.258090615272521973e+00
1.359374165534973145e+00
1.461008071899414062e+00
1.562613487243652344e+00
1.663825273513793945e+00
1.764289498329162598e+00
1.863666892051696777e+00
1.961630463600158691e+00
2.057866811752319336e+00
2.152075767517089844e+00
2.243969202041625977e+00
2.333272695541381836e+00
2.419725179672241211e+00
2.503078222274780273e+00
2.583096027374267578e+00
2.659557104110717773e+00
2.732252597808837891e+00
2.800986051559448242e+00
2.865574359893798828e+00
2.925847053527832031e+00
2.981649160385131836e+00
3.032835245132446289e+00
3.079275369644165039e+00
3.120851755142211914e+00
3.157459020614624023e+00
3.189007759094238281e+00
3.215417623519897461e+00
3.236623764038085938e+00
3.252574205398559570e+00
3.263229846954345703e+00
3.268563508987426758e+00
3.268563508987426758e+00
3.263229846954345703e+00
3.252574205398559570e+00
3.236623764038085938e+00
3.215417623519897461e+00
3.189007759094238281e+00
3.157459020614624023e+00
3.120851755142211914e+00
3.079275369644165039e+00
3.032835245132446289e+00
2.981649160385131836e+00
2.925847053527832031e+00
2.865574359893798828e+00
2.800986051559448242e+00
2.732252597808837891e+00
2.659557104110717773e+00
2.583096027374267578e+00
2.503078222274780273e+00
2.419725179672241211e+00
2.333272695541381836e+00
2.243969202041625977e+00
2.152075767517089844e+00
2.057866811752319336e+00
1.961630463600158691e+00
1.863666892051696777e+00
1.764289498329162598e+00
1.663825273513793945e+00
1.562613487243652344e+00
1.461008071899414062e+00
1.359374165534973145e+00
1.258090615272521973e+00
1.157550454139709473e+00
1.058157563209533691e+00
9.603311419486999512e-01
8.645019531250000000e-01
7.711141705513000488e-01
6.806259155273437500e-01
5.935069918632507324e-01
5.102411508560180664e-01
4.313252866268157959e-01
3.572686016559600830e-01
2.885941565036773682e-01
2.258378267288208008e-01
1.695482134819030762e-01
1.202874779701232910e-01
7.863071560859680176e-02
4.516581445932388306e-02
2.049405314028263092e-02
5.229712929576635361e-03
0.000000000000000000e+00
0.000000000000000000e+00
5.229712929576635361e-03
2.049405314028263092e-02
4.516581445932388306e-02
7.863071560859680176e-02
1.202874779701232910e-01
1.695482134819030762e-01
2.258378267288208008e-01
2.885941565036773682e-01
3.572686016559600830e-01
4.313252866268157959e-01
5.102411508560180664e-01
5.935069918632507324e-01
6.806259155273437500e-01
7.711141705513000488e-01
8.645019531250000000e-01
9.603311419486999512e-01
1.058157563209533691e+00
1.157550454139709473e+00
1.258090615272521973e+00
1.359374165534973145e+00
1.461008071899414062e+00
1.562613487243652344e+00
1.663825273513793945e+00
1.764289498329162598e+00
1.863666892051696777e+00
1.961630463600158691e+00
2.057866811752319336e+00
2.152075767517089844e+00
2.243969202041625977e+00
2.333272695541381836e+00
2.419725179672241211e+00
2.503078222274780273e+00
2.583096027374267578e+00
2.659557104110717773e+00
2.732252597808837891e+00
2.800986051559448242e+00
2.865574359893798828e+00
2.925847053527832031e+00
2.981649160385131836e+00
3.032835245132446289e+00
3.079275369644165039e+00
3.120851755142211914e+00
3.157459020614624023e+00
3.189007759094238281e+00
3.215417623519897461e+00
3.236623764038085938e+00
3.252574205398559570e+00
3.263229846954345703e+00
3.268563508987426758e+00
3.268563508987426758e+00
3.263229846954345703e+00
3.252574205398559570e+00
3.236623764038085938e+00
3.215417623519897461e+00
3.189007759094238281e+00
3.157459020614624023e+00
3.120851755142211914e+00
3.079275369644165039e+00
3.032835245132446289e+00
2.981649160385131836e+00
2.925847053527832031e+00
2.865574359893798828e+00
2.800986051559448242e+00
2.732252597808837891e+00
2.659557104110717773e+00
2.583096027374267578e+00
2.503078222274780273e+00
2.419725179672241211e+00
2.333272695541381836e+00
2.243969202041625977e+00
2.152075767517089844e+00
2.057866811752319336e+00
1.961630463600158691e+00
1.863666892051696777e+00
1.764289498329162598e+00
1.663825273513793945e+00
1.562613487243652344e+00
1.461008071899414062e+00
1.359374165534973145e+00
1.258090615272521973e+00
1.157550454139709473e+00
1.058157563209533691e+00
9.603311419486999512e-01
8.645019531250000000e-01
7.711141705513000488e-01
6.806259155273437500e-01
5.935069918632507324e-01
5.102411508560180664e-01
4.313252866268157959e-01
3.572686016559600830e-01
2.885941565036773682e-01
2.258378267288208008e-01
1.695482134819030762e-01
1.202874779701232910e-01
7.863071560859680176e-02
4.516581445932388306e-02
2.049405314028263092e-02
5.229712929576635361e-03
0.000000000000000000e+00
0.000000000000000000e+00
5.229712929576635361e-03
2.049405314028263092e-02
4.516581445932388306e-02
7.863071560859680176e-02
1.202874779701232910e-01
1.695482134819030762e-01
2.258378267288208008e-01
2.885941565036773682e-01
3.572686016559600830e-01
4.313252866268157959e-01
5.102411508560180664e-01
5.935069918632507324e-01
6.806259155273437500e-01
7.711141705513000488e-01
8.645019531250000000e-01
9.603311419486999512e-01
1.058157563209533691e+00
1.157550454139709473e+00
1.258090615272521973e+00
1.359374165534973145e+00
1.461008071899414062e+00
1.562613487243652344e+00
1.663825273513793945e+00
1.764289498329162598e+00
1.863666892051696777e+00
1.961630463600158691e+00
2.057866811752319336e+00
2.152075767517089844e+00
2.243969202041625977e+00
2.333272695541381836e+00
2.419725179672241211e+00
2.503078222274780273e+00
2.583096027374267578e+00
2.659557104110717773e+00
2.732252597808837891e+00
2.800986051559448242e+00
2.865574359893798828e+00
2.925847053527832031e+00
2.981649160385131836e+00
3.032835245132446289e+00
3.079275369644165039e+00
3.120851755142211914e+00
3.157459020614624023e+00
3.189007759094238281e+00
3.215417623519897461e+00
3.236623764038085938e+00
3.252574205398559570e+00
3.263229846954345703e+00
3.268563508987426758e+00
3.268563508987426758e+00
3.263229846954345703e+00
3.252574205398559570e+00
3.236623764038085938e+00
3.215417623519897461e+00
3.189007759094238281e+00
3.157459020614624023e+00
3.120851755142211914e+00
3.079275369644165039e+00
3.032835245132446289e+00
2.981649160385131836e+00
2.925847053527832031e+00
2.865574359893798828e+00
2.800986051559448242e+00
2.732252597808837891e+00
2.659557104110717773e+00
2.583096027374267578e+00
2.503078222274780273e+00
2.419725179672241211e+00
2.333272695541381836e+00
2.243969202041625977e+00
2.152075767517089844e+00
2.057866811752319336e+00
1.961630463600158691e+00
1.863666892051696777e+00
1.764289498329162598e+00
1.663825273513793945e+00
1.562613487243652344e+00
1.461008071899414062e+00
1.359374165534973145e+00
1.258090615272521973e+00
1.157550454139709473e+00
1.058157563209533691e+00
9.603311419486999512e-01
8.645019531250000000e-01
7.711141705513000488e-01
6.806259155273437500e-01
5.935069918632507324e-01
5.102411508560180664e-01
4.313252866268157959e-01
3.572686016559600830e-01
2.885941565036773682e-01
2.258378267288208008e-01
1.695482134819030762e-01
1.202874779701232910e-01
7.863071560859680176e-02
4.516581445932388306e-02
2.049405314028263092e-02
5.229712929576635361e-03
0.000000000000000000e+00
0.000000000000000000e+00
5.229712929576635361e-03
2.049405314028263092e-02
4.516581445932388306e-02
7.863071560859680176e-02
1.202874779701232910e-01
1.695482134819030762e-01
2.258378267288208008e-01
2.885941565036773682e-01
3.572686016559600830e-01
4.313252866268157959e-01
5.102411508560180664e-01
5.935069918632507324e-01
6.806259155273437500e-01
7.711141705513000488e-01
8.645019531250000000e-01
9.603311419486999512e-01
1.058157563209533691e+00
1.157550454139709473e+00
1.258090615272521973e+00
1.359374165534973145e+00
1.461008071899414062e+00
1.562613487243652344e+00
1.663825273513793945e+00
1.764289498329162598e+00
1.863666892051696777e+00
1.961630463600158691e+00
2.057866811752319336e+00
2.152075767517089844e+00
2.243969202041625977e+00
2.333272695541381836e+00
2.419725179672241211e+00
2.503078222274780273e+00
2.583096027374267578e+00
2.659557104110717773e+00
2.732252597808837891e+00
2.800986051559448242e+00
2.865574359893798828e+00
2.925847053527832031e+00
2.981649160385131836e+00
3.032835245132446289e+00
3.079275369644165039e+00
3.120851755142211914e+00
3.157459020614624023e+00
3.189007759094238281e+00
3.215417623519897461e+00
3.236623764038085938e+00
3.252574205398559570e+00
3.263229846954345703e+00
3.268563508987426758e+00
3.268563508987426758e+00
3.263229846954345703e+00
3.252574205398559570e+00
3.236623764038085938e+00
3.215417623519897461e+00
3.189007759094238281e+00
3.157459020614624023e+00
3.120851755142211914e+00
3.079275369644165039e+00
3.032835245132446289e+00
2.981649160385131836e+00
2.925847053527832031e+00
2.865574359893798828e+00
2.800986051559448242e+00
2.732252597808837891e+00
2.659557104110717773e+00
2.583096027374267578e+00
2.503078222274780273e+00
2.419725179672241211e+00
2.333272695541381836e+00
2.243969202041625977e+00
2.152075767517089844e+00
2.057866811752319336e+00
1.961630463600158691e+00
1.863666892051696777e+00
1.764289498329162598e+00
1.663825273513793945e+00
1.562613487243652344e+00
1.461008071899414062e+00
1.359374165534973145e+00
1.258090615272521973e+00
1.157550454139709473e+00
1.058157563209533691e+00
9.603311419486999512e-01
8.645019531250000000e-01
7.711141705513000488e-01
6.806259155273437500e-01
5.935069918632507324e-01
5.102411508560180664e-01
4.313252866268157959e-01
3.572686016559600830e-01
2.885941565036773682e-01
2.258378267288208008e-01
1.695482134819030762e-01
1.202874779701232910e-01
7.863071560859680176e-02
4.516581445932388306e-02
2.049405314028263092e-02
5.229712929576635361e-03
0.000000000000000000e+00
0.000000000000000000e+00
5.229712929576635361e-03
2.049405314028263092e-02
4.516581445932388306e-02
7.863071560859680176e-02
1.202874779701232910e-01
1.695482134819030762e-01
2.258378267288208008e-01
2.885941565036773682e-01
3.572686016559600830e-01
4.313252866268157959e-01
5.102411508560180664e-01
5.935069918632507324e-01
6.806259155273437500e-01
7.711141705513000488e-01
8.645019531250000000e-01
9.603311419486999512e-01
1.058157563209533691e+00
1.157550454139709473e+00
1.258090615272521973e+00
1.359374165534973145e+00
1.461008071899414062e+00
1.562613487243652344e+00
1.663825273513793945e+00
1.764289498329162598e+00
1.863666892051696777e+00
1.961630463600158691e+00
2.057866811752319336e+00
2.152075767517089844e+00
2.243969202041625977e+00
2.333272695541381836e+00
2.419725179672241211e+00
2.503078222274780273e+00
2.583096027374267578e+00
2.659557104110717773e+00
2.732252597808837891e+00
2.800986051559448242e+00
2.865574359893798828e+00
2.925847053527832031e+00
2.981649160385131836e+00
3.032835245132446289e+00
3.079275369644165039e+00
3.120851755142211914e+00
3.157459020614624023e+00
3.189007759094238281e+00
3.215417623519897461e+00
3.236623764038085938e+00
3.252574205398559570e+00
3.263229846954345703e+00
3.268563508987426758e+00
3.268563508987426758e+00
3.263229846954345703e+00
3.252574205398559570e+00
3.236623764038085938e+00
3.215417623519897461e+00
3.189007759094238281e+00
3.157459020614624023e+00
3.120851755142211914e+00
3.079275369644165039e+00
3.032835245132446289e+00
2.981649160385131836e+00
2.925847053527832031e+00
2.865574359893798828e+00
2.800986051559448242e+00
2.732252597808837891e+00
2.659557104110717773e+00
2.583096027374267578e+00
2.503078222274780273e+00
2.419725179672241211e+00
2.333272695541381836e+00
2.243969202041625977e+00
2.152075767517089844e+00
2.057866811752319336e+00
1.961630463600158691e+00
1.863666892051696777e+00
1.764289498329162598e+00
1.663825273513793945e+00
1.562613487243652344e+00
1.461008071899414062e+00
1.359374165534973145e+00
1.258090615272521973e+00
1.157550454139709473e+00
1.058157563209533691e+00
9.603311419486999512e-01
8.645019531250000000e-01
7.711141705513000488e-01
6.806259155273437500e-01
5.935069918632507324e-01
5.102411508560180664e-01
4.313252866268157959e-01
3.572686016559600830e-01
2.885941565036773682e-01
2.258378267288208008e-01
1.695482134819030762e-01
1.202874779701232910e-01
7.863071560859680176e-02
4.516581445932388306e-02
2.049405314028263092e-02
5.229712929576635361e-03
0.000000000000000000e+00
